1.852008121447889372e-02
5.924122164519163465e-03
1.451856769932103382e-04
2.507246148689918751e-03
1.035696507052272404e-02
1.889588809268970271e-02
2.381609091180349538e-02
2.325709596634383328e-02
1.818286956084258499e-02
1.127796467423003608e-02
5.247243891823607544e-03
1.551315464373954379e-03
1.401939458863801443e-04
5.102384264840109109e-05
2.749197209240775847e-04
3.060572819882149921e-04
1.556501596715602776e-04
2.493828841663953366e-05
1.976245024642707087e-06
1.478676482157448464e-05
4.470582329177341255e-07
6.880165122170922890e-05
4.745592024299758252e-04
1.402766607301757663e-03
2.747141623328542247e-03
4.077709100964593131e-03
4.849018515336601595e-03
4.714804468860927904e-03
3.733748978909070398e-03
2.330063330623975953e-03
1.044894433892278214e-03
2.499736351118715823e-04
1.303141932969568679e-06
9.710797454868991989e-05
2.638821056332430978e-04
3.276070032087818147e-04
2.687311552831717098e-04
1.617104652829816260e-04
7.909078966448071307e-05
4.307325773851583160e-05
4.670125607960684576e-05
1.013580328986942136e-04
2.508285309456495657e-04
5.316173214145738461e-04
9.147206470867649732e-04
1.286175265867876404e-03
1.494439739388211865e-03
1.437762537941740179e-03
1.129993918184376981e-03
6.966816209650453272e-04
3.034250881296383148e-04
6.586162354915940772e-05
1.569136806120939948e-08
3.879249384042594715e-05
9.284965864501522836e-05
1.079564103148972199e-04
8.258021298318075963e-05
4.508898984025259558e-05
1.948197770668589108e-05
1.036240530388505155e-05
1.468513607319401724e-05
4.193146647515205299e-05
1.178262688364318687e-04
2.635368237018988766e-04
4.666190965308832073e-04
6.704000559449285182e-04
7.959330916346499252e-04
7.852940072797080524e-04
6.372600052944491856e-04
4.103929899454793607e-04
1.910501648942641319e-04
4.764765624653997868e-05
2.291505581747621634e-07
2.163138333462730922e-05
6.417522715860559356e-05
9.060889595897348640e-05
8.965010422216575269e-05
7.113502921255410400e-05
5.073675172392209324e-05
3.850315308702272743e-05
3.798830225126726426e-05
5.172989289760165341e-05
8.399998326645198999e-05
1.363184460432190074e-04
1.999378334436869697e-04
2.539695053070658236e-04
2.738582692500019932e-04
2.459559250246807268e-04
1.777953087546020594e-04
9.576788439476951499e-05
3.083007218928256811e-05
1.603742729397244992e-06
6.003600263228842256e-06
2.613415298311408245e-05
4.178096292598972787e-05
4.252139713105211865e-05
3.083966473991433881e-05
1.613204177231224027e-05
5.977272204450290234e-06
1.781528022612810143e-06
1.080290488359396362e-06
2.886998420577022392e-06
1.036873554233160652e-05
2.812637939615917441e-05
5.651667217401995497e-05
8.829047157050060859e-05
1.110534525981525414e-04
1.143044187760281730e-04
9.604299779950113128e-05
6.415368122445784592e-05
3.165417870892729392e-05
9.282520517428559129e-06
4.502298813848132295e-07
1.395726627135805175e-06
5.442108579995344021e-06
7.701463521682368893e-06
7.068864556749812153e-06
5.048665481577332657e-06
3.413145677008318263e-06
3.017119384314640443e-06
4.390787117281406496e-06
8.789641125967172377e-06
1.797872270869083850e-05
3.243122662536422835e-05
4.944836400241760883e-05
6.322189913276228654e-05
6.749879140714379463e-05
5.935376691704387391e-05
4.143277198767059268e-05
2.090459216927559530e-05
5.632553588826997085e-06
2.383285335756304251e-08
3.176769090437704823e-06
1.026864339954617428e-05
1.592454347729147570e-05
1.719262678889587172e-05
1.439476075008437543e-05
9.841695491224757643e-06
5.814120674958282449e-06
3.350099267902220005e-06
2.376002672176572646e-06
2.549737134270611085e-06
3.797506945482313005e-06
6.087340723760498958e-06
8.854238143271650084e-06
1.085519891134292280e-05
1.080147248295047999e-05
8.331508969701302209e-06
4.483999230883668535e-06
1.177174120918311261e-06
2.380468194707150016e-09
1.211837151345161022e-06
3.642657386036110367e-06
5.593759915288412269e-06
5.960364163183171990e-06
4.798139203035832747e-06
3.004879486507635884e-06
1.514152802060681377e-06
7.116985694368751335e-07
4.895268937206577183e-07
7.424093532995011333e-07
1.727535522567161911e-06
3.870696095545233388e-06
7.151862047618643377e-06
1.065046619919033405e-05
1.277694336711665326e-05
1.218626820126373373e-05
8.785904804586270553e-06
4.090739707593566600e-06
5.855380837510312077e-07
4.339044751276196696e-07
4.321903505782140460e-06
1.112790049890428021e-05
1.856080822568546978e-05
2.431359707652171089e-05
2.703779108657879433e-05
2.666682649218480921e-05
2.408030461305026820e-05
2.046201142575088726e-05
1.675827314014442134e-05
1.344383258687973454e-05
1.056414739483042006e-05
7.919773161692990175e-06
5.297981357154234492e-06
2.719397526034070932e-06
6.506637553574290509e-07
5.884476908573449546e-08
2.167265678349150577e-06
7.902380720536634630e-06
1.724709343492099005e-05
2.886968988688123853e-05
4.032712305855609756e-05
4.884736667345556375e-05
5.235228951656916872e-05
5.021937560411377839e-05
4.341391521875246793e-05
3.396953793434029416e-05
2.413166177723408631e-05
1.560299266342258189e-05
9.195303997227441758e-06
4.920370529377481576e-06
2.333229070059363619e-06
8.896272971099688529e-07
1.768219496017775951e-07
9.767832123683692625e-09
4.495931941192718576e-07
1.778961432861426257e-06
4.419257834524957476e-06
8.767931641228114708e-06
1.498618090919553912e-05
2.282911578778494657e-05
3.161897073193044771e-05
4.039660269319334370e-05
4.818839107718453189e-05
5.426245129946695038e-05
5.826029530183067165e-05
6.016338593685695556e-05
6.013701572964237131e-05
5.834082007063398623e-05
5.479533385532312021e-05
4.936639283509882932e-05
4.189444452979246790e-05
3.245591628568712252e-05
2.168973765101199434e-05
1.105983943512640736e-05
2.888965860877109848e-06
3.660280193585222623e-08
5.220834298398653263e-06
2.015796583200093141e-05
4.482491380154028551e-05
7.715262438774786761e-05
1.133122884658412360e-04
1.485228934501819464e-04
1.781035857731715988e-04
1.984171659254264420e-04
2.074300295861170691e-04
2.047955819275329556e-04
1.915559651320952197e-04
1.696683000885649076e-04
1.415665461675327287e-04
1.098920459585490570e-04
7.741487470898815784e-05
4.707076286714390083e-05
2.198327279246843342e-05
5.340583980604615579e-06
5.186394911100765874e-08
8.207586737136259277e-06
3.047985662031116089e-05
6.567483761598569465e-05
1.106444435828168063e-04
1.606637487153850902e-04
2.102170944679826274e-04
2.539803037941500510e-04
2.877117341017749303e-04
3.088060896725483692e-04
3.163998236426360049e-04
3.110805090226882405e-04
2.943741400113796306e-04
2.682236499748019503e-04
2.346320087026195975e-04
1.955569910703837963e-04
1.530495752760410960e-04
1.095482624020322745e-04
6.818785045952279529e-05
3.296003593104710811e-05
8.584455946967150478e-06
1.997420612470772466e-08
1.165894923531346939e-05
4.636969299334594473e-05
1.046360867410708884e-04
1.840470037252264074e-04
2.793015369909883795e-04
3.827491684528915462e-04
4.853346166349297212e-04
5.777224884910655460e-04
6.513671967469159864e-04
6.993606242992012013e-04
7.169954076951907604e-04
7.020779289434075010e-04
6.550763729625078699e-04
5.791833126041039939e-04
4.803208311741993006e-04
3.670467582830655657e-04
2.502657496991319338e-04
1.426355989494448428e-04
5.759993922014978264e-05
8.066578361314803762e-06
4.860449701591100100e-06
5.517470827038737123e-05
1.612881643524759017e-04
3.197934854339085846e-04
5.214940901574644525e-04
7.520060707423848736e-04
9.929826914587614514e-04
1.223795434390589432e-03
1.423472028948855311e-03
1.572702303635415246e-03
1.655755987429496099e-03
1.662188342850699210e-03
1.588223440659665593e-03
1.437699454915229800e-03
1.222448379300205288e-03
9.619845052465198984e-04
6.824100415968174013e-04
4.145192527730054552e-04
1.911856431813055987e-04
4.422795484372619659e-05
1.043114687496654628e-06
8.134666651079042383e-05
2.943665591555813272e-04
6.368028698444529829e-04
1.091811966449584030e-03
1.629215040518873026e-03
2.207072127641779985e-03
2.774691490894877835e-03
3.277036874973309616e-03
3.660329981754594213e-03
3.878420340640708827e-03
3.899240285949276408e-03
3.710444467745744723e-03
3.323236659870012176e-03
2.773487591864331244e-03
2.119578028188229095e-03
1.436924065486175524e-03
8.097485105786762349e-04
3.212017593548260517e-04
4.326214639172298307e-05
2.787152235748842501e-05
3.004898237167104302e-04
8.567749392637034151e-04
1.662557272725291189e-03
2.656827079402502862e-03
3.757180019590061065e-03
4.867086295941724754e-03
5.884400853671379814e-03
6.710614445511154172e-03
7.260360525537998960e-03
7.470590768851978654e-03
7.308633873740544469e-03
6.778148370724519124e-03
5.921898842758394413e-03
4.820442502464379435e-03
3.586260124773951122e-03
2.353551800926250402e-03
1.264694212912979582e-03
4.550157274018882549e-04
3.789690334316274850e-05
9.214221658508645377e-05
6.531177781049275375e-04
1.708454193253660996e-03
3.198384087877758752e-03
5.020218332621925565e-03
7.036179619134869286e-03
9.083806369424565416e-03
1.098830823904518514e-02
1.257643388046287766e-02
1.369144780222778315e-02
1.420862019851683311e-02
1.405022989690767748e-02
1.319858931100518704e-02
1.170521347639500408e-02
9.694169904649274638e-03
7.357992296965950793e-03
4.945328287982777085e-03
2.740593923146578646e-03
1.037101596658232061e-03
1.061653168319888512e-04
1.653767492005723053e-04
1.349509608861379105e-03
3.687387575835356698e-03
7.087650440037254924e-03
1.133577777826534627e-02
1.610401234933174844e-02
2.097491006205521105e-02
2.547802419990676664e-02
2.913764326086154891e-02
3.152762054694541877e-02
3.232744011544547852e-02
3.137222315513094051e-02
2.868892315089159595e-02
2.451189623198979720e-02
1.927345767539704810e-02
1.356861315509871532e-02
8.097163019591086669e-03
3.589908525099284528e-03
7.279331872807973678e-04
6.446398068449741799e-05
1.957735757182521488e-03
6.521161007753122074e-03
1.359475840624685752e-02
2.273994486260150216e-02
3.325879922273190098e-02
4.423859102055064524e-02
5.462209439687884527e-02
6.330310787640980319e-02
6.924394754607837710e-02
7.160726901871100614e-02
6.988898546411909107e-02
6.403368169863069004e-02
5.451069961246345075e-02
4.232985959352847383e-02
2.898170033357122186e-02
1.629793880153101657e-02
6.241809547867384345e-03
6.520781732608371553e-04
9.755000405982975319e-04
8.027616167627182539e-03
2.181982372379689950e-02
4.148220324910953383e-02
6.529868091346636982e-02
9.085647764709260665e-02
1.152979040096650670e-01
1.356508965583133608e-01
1.492056230441203002e-01
1.538976254447889935e-01
1.486529239778579814e-01
1.336476031947269605e-01
1.104350872265724981e-01
8.190092189750530771e-02
5.201979185331856437e-02
2.541386209814532754e-02
6.744040234549730090e-03
1.972529830646636136e-06
7.803256153701270195e-03
3.080281383086562463e-02
6.735383360817281950e-02
1.135076245845001025e-01
1.634038142430042639e-01
2.100348539584334373e-01
2.462969084219203963e-01
2.661745561320283393e-01
2.658627754970293022e-01
2.446170251800957041e-01
2.051466356811702807e-01
1.534281460983811796e-01
9.790743171565778613e-02
4.817034132491373327e-02
1.327374095280957345e-02
2.119036534645767889e-05
1.151766422153076112e-02
4.632656925737643067e-02
9.846928136556221123e-02
1.583564425750719484e-01
2.145434875849198952e-01
2.560002321988121832e-01
2.744269673732143699e-01
2.660872006160754366e-01
2.326927671796026609e-01
1.810720551597810313e-01
1.216399293179358104e-01
6.599842530219759973e-02
2.424369288428071187e-02
2.659245984137505615e-03
2.395819560442880025e-03
1.948444494298525245e-02
4.616678815579697975e-02
7.315852659440895411e-02
9.219822979965373866e-02
9.815879919667262754e-02
9.013822061685548837e-02
7.126170621109126357e-02
4.732248117768092510e-02
2.474050503014354682e-02
8.515777137626041188e-03
8.315999920089408443e-04
7.287462316050635292e-04
4.899134860663938856e-03
9.260227141190860434e-03
1.070079474477386196e-02
8.332193447491842084e-03
3.764148217237291670e-03
2.935028471753042562e-04
1.320906272756257631e-03
8.635768839623044965e-03
2.130081773521215124e-02
3.566937514194509773e-02
4.663494288348547789e-02
4.969808287356798637e-02
4.304458514918455686e-02
2.873834672419577768e-02
1.241321634726674436e-02
1.421273410913361955e-03
2.046439858341288828e-03
1.684938044688727432e-02
4.325474191556635817e-02
7.406584398312610062e-02
9.983849324599547437e-02
1.122667654669119164e-01
1.072677399350646099e-01
8.652228624636075505e-02
5.683157210907947843e-02
2.754057335018050487e-02
7.076641167328355866e-03
9.281309295835377478e-07
5.717982669999778673e-03
1.925257510122693402e-02
3.362157579858482404e-02
4.270064713202059714e-02
4.337834585103002294e-02
3.621741859421592075e-02
2.456820813889348115e-02
1.274392188124038629e-02
4.174391487320237501e-03
3.074387156795965249e-04
5.579641019239681664e-04
3.085081479174241019e-03
5.862152117850345616e-03
7.505416015802421868e-03
7.577409535000751394e-03
6.401403311567977102e-03
4.635854835626570560e-03
2.884650457402882819e-03
1.500902841967893765e-03
5.882901946471574351e-04
1.099726758867966548e-04
8.971198252310428028e-06
2.885701644028245078e-04
1.041284453763183454e-03
2.424450961990969825e-03
4.576658313716834570e-03
7.484517005412662065e-03
1.085166072517072290e-02
1.405946373366920125e-02
1.629476886440567665e-02
1.683725287610614990e-02
1.538815719620564848e-02
1.226081590545738745e-02
8.300804509041805404e-03
4.548145785191620889e-03
1.809921931317451035e-03
3.726083788535959770e-04
1.336477261822962591e-08
1.849828779338539913e-04
4.721769274325495814e-04
6.523040117295007606e-04
7.563170206351549915e-04
9.511770154909678738e-04
1.515309140569320780e-03
2.977589009643403367e-03
6.299351990717200027e-03
1.282934907176253025e-02
2.381858232721489887e-02
3.956040853379044070e-02
5.856214338992569990e-02
7.731368543506954294e-02
9.103275167182442451e-02
9.528226750603353834e-02
8.782989484003458913e-02
6.987333745625677606e-02
4.597025124864406037e-02
2.260485130082069347e-02
5.981743132139036127e-03
1.442001280869154383e-06
5.249609835716238966e-03
1.930925825772874735e-02
3.808402870389194367e-02
5.743013200946153057e-02
7.439928798906758622e-02
8.772114028529645613e-02
9.756677555285026004e-02
1.049048651536053645e-01
1.107975970215390599e-01
1.158559724305256999e-01
1.199286842174839274e-01
1.220355101142136106e-01
1.205667294016839058e-01
1.137708262687633642e-01
1.004747849744898475e-01
8.084099538238806448e-02
5.685861200875830940e-02
3.229698891861839533e-02
1.203770272237301119e-02
9.659873746440904557e-04
2.800771520605670629e-03
1.926616084212339972e-02
4.984725418718154860e-02
9.212091159189028655e-02
1.424377964795728035e-01
1.966484340665052011e-01
2.506262269907389983e-01
3.004888884405790273e-01
3.425775394460127132e-01
3.733593635283170564e-01
3.894492569399320980e-01
3.878990236635143640e-01
3.667945253800647398e-01
3.260592845405638762e-01
2.682310759825542457e-01
1.989110260718959799e-01
1.266266211417195753e-01
6.200416921364087369e-02
1.636135386010709528e-02
1.826828393502442666e-05
2.070420032909953481e-02
8.237677872933631129e-02
1.846066169865057949e-01
3.224975526431275163e-01
4.869953448490364489e-01
6.654322135419351580e-01
8.422491864999948064e-01
9.999725125412486371e-01
1.120612212740042635e+00
1.187628844054290589e+00
1.188448763548489273e+00
1.117231785872315308e+00
9.773075029068185593e-01
7.825362139584203236e-01
5.569370826412020081e-01
3.322923646596384062e-01
1.439876030850200384e-01
2.588304061552832575e-02
5.309924025911143611e-03
9.921406752387078309e-02
3.120558299380213341e-01
6.355006280059467549e-01
1.049443952001363645e+00
1.523708294141191244e+00
2.019893929325549120e+00
2.493279246880083733e+00
2.895157953702115705e+00
3.176336046700467541e+00
3.292484511623808618e+00
3.211543819606468730e+00
2.922455981003406755e+00
2.443417353566474048e+00
1.827035242618759714e+00
1.159705983666377227e+00
5.534967789823861395e-01
1.306974558992439195e-01
3.450782612986269711e-03
2.526400587457794389e-01
9.107717964869076477e-01
1.952660530552864593e+00
3.295647937707082420e+00
4.808696105824528999e+00
6.327906540542361569e+00
7.675423578480421227e+00
8.679293855940588998e+00
9.193130954315483550e+00
9.115545220535599569e+00
8.409480992191227244e+00
7.120484867898898784e+00
5.390730341650367130e+00
3.463203150511093842e+00
1.669134938048692174e+00
3.929374471296512294e-01
1.333020955421063483e-02
8.266469274012518964e-01
2.966518096217494627e+00
6.340206831947924115e+00
1.060274380182593923e+01
1.518398962601159496e+01
1.937163818693529649e+01
2.243827822750057877e+01
2.378767296717968449e+01
2.308865730970592978e+01
2.036656678711818103e+01
1.603106138247241930e+01
1.083241808187772648e+01
5.751887366536749369e+00
1.842508569897426396e+00
4.374197136645157497e-02
9.970722729708600962e-01
4.891717939401656778e+00
1.137031218275108024e+01
1.952267959460636604e+01
2.798868953940939974e+01
3.517542281589376785e+01
3.956848021191872533e+01
4.008565792177481768e+01
3.639236617621273950e+01
2.908478718311005551e+01
1.966068216638590371e+01
1.024366233010059624e+01
3.097180213793331749e+00
3.921838167689341292e-02
1.920067504517668944e+00
8.329286443451236366e+00
1.764412238153487067e+01
2.743203789083138489e+01
3.510596523065579078e+01
3.864283813225956266e+01
3.714738626956457779e+01
3.108698459440001827e+01
2.212595560684687968e+01
1.261409883024643186e+01
4.891343201381259220e+00
6.232695774913072917e-01
3.657700314477527193e-01
3.479829936317041739e+00
8.406503919433633953e+00
1.320297354995276429e+01
1.616531770594140482e+01
1.634273143392039529e+01
1.378591620059700062e+01
9.457830998357584562e+00
4.843641201460799017e+00
1.396592892739794145e+00
1.541939741690154589e-02
7.433363180327027253e-01
2.803600148152514127e+00
4.961548164754676193e+00
6.070853688899624956e+00
5.576399201942910722e+00
3.751318897526277230e+00
1.551588659716726770e+00
1.420958773867337377e-01
3.094058888696896714e-01
2.046994040035021722e+00
4.531403382631912891e+00
6.521522014398256850e+00
6.993622556904214527e+00
5.687065107641942063e+00
3.263333691138602610e+00
9.744463468627471148e-01
1.568893143514835022e-03
8.163100756937483604e-01
2.920359809412150121e+00
5.119109662527968396e+00
6.185586450471364905e+00
5.542584720149013933e+00
3.571900374806262324e+00
1.370595247209513978e+00
9.769529914003075022e-02
2.992897150244315241e-01
1.614875621729893185e+00
3.038180817055887051e+00
3.567541376748866178e+00
2.841277962693552706e+00
1.362772735973895699e+00
1.754424919285427487e-01
1.919713703082909506e-01
1.599436794544666141e+00
3.714844095431643289e+00
5.383116486700384229e+00
5.670110074784160403e+00
4.421097953518462909e+00
2.343817050910177890e+00
5.751053189117133480e-01
8.710537269700099894e-03
7.984051575705434223e-01
2.325082958930873911e+00
3.617845345993248252e+00
3.942706949365160085e+00
3.191249890719405347e+00
1.855134630971463805e+00
6.481301000138910418e-01
5.085021108833406855e-02
7.247722339675775893e-02
3.517123562062980935e-01
4.841838932955604413e-01
3.257873822390546237e-01
6.453628029648489361e-02
3.365785194438031258e-02
4.227300340300779169e-01
1.105236123221839728e+00
1.705931321721502192e+00
1.855418097131243282e+00
1.448840717397016364e+00
7.281951629914397151e-01
1.343684300879123272e-01
3.226995257689192070e-02
4.918401407784402379e-01
1.260833922759785786e+00
1.932370495249996489e+00
2.186378601163015745e+00
1.950254704108645099e+00
1.393576601356741218e+00
7.873838501109632348e-01
3.384264190513194825e-01
1.046115468774773960e-01
2.434853692654201027e-02
9.919015004765016283e-03
2.194080175203361877e-02
7.422259536702394134e-02
1.826500664471853441e-01
3.157145264054688760e-01
3.966740783743761822e-01
3.591728640223872948e-01
2.105839077376965573e-01
4.812195069588356966e-02
7.897928794363399951e-03
1.782904381142249028e-01
5.369988333949883286e-01
9.555652422818593505e-01
1.268646922084313733e+00
1.362366083544809703e+00
1.226575845636052486e+00
9.439702268373556526e-01
6.319927704133372348e-01
3.805085544499948735e-01
2.227508339498295853e-01
1.474310733113026739e-01
1.304882445740000729e-01
1.567556431363822667e-01
2.175159205389167738e-01
2.939661001354437753e-01
3.489449830751051862e-01
3.409893220867427632e-01
2.539946115037977625e-01
1.199904413415341653e-01
1.458335515046504070e-02
2.297919557093435275e-02
1.953042121368998574e-01
5.179882908462253299e-01
9.179431071974855083e-01
1.295893907231933762e+00
1.568730569450196954e+00
1.698292035245368092e+00
1.695163158450006424e+00
1.601575996163436377e+00
1.466966953245855354e+00
1.328918670389970691e+00
1.204722152060131446e+00
1.091770692110936469e+00
9.730160096328148711e-01
8.258508483219697549e-01
6.346340085224321248e-01
4.054161166199936606e-01
1.772698733665596937e-01
2.226285688173024885e-02
2.915852676419009373e-02
2.739027728789181770e-01
7.881603002815866788e-01
1.540043450764160271e+00
2.436368731328690806e+00
3.345854840296052402e+00
4.133338187630764438e+00
4.691336408031201444e+00
4.958446196693128805e+00
4.921454001871063078e+00
4.605257672664264668e+00
4.058420412187762949e+00
3.341658345641056016e+00
2.523195394804292668e+00
1.680765435316051937e+00
9.066487000843921340e-01
3.102989461187709574e-01
1.326529435277488435e-02
1.334426810496016635e-01
7.598614979568464323e-01
1.923956577295941939e+00
3.576470122404599383e+00
5.578987828545611372e+00
7.715156576869054206e+00
9.720404481098704252e+00
1.132325631121547715e+01
1.228862250154673497e+01
1.245460816618200361e+01
1.175828713381189594e+01
1.025011035047034547e+01
8.098866453707650237e+00
5.588334043903445902e+00
3.103612158950480371e+00
1.101669059824081032e+00
5.963147679077608621e-02
3.980013614331159855e-01
2.384888291196625154e+00
6.039377466038867048e+00
1.106253255487433584e+01
1.682727401552980950e+01
2.244908994057684737e+01
2.693836386791350535e+01
2.940796917856201276e+01
2.928675994175196706e+01
2.648066953583953875e+01
2.143336019716240770e+01
1.506505906970031816e+01
8.601873382652591715e+00
3.336486843196360130e+00
3.755479537723034889e-01
4.266273868395752400e-01
3.662441799442015089e+00
9.680008459908727048e+00
1.755495048225214560e+01
2.597999608110385594e+01
3.347079253661166121e+01
3.861735095059647449e+01
4.035161893141936673e+01
3.818992128100440908e+01
3.239740576930475413e+01
2.401858698932275615e+01
1.473277507318890578e+01
6.530124603608552292e+00
1.258111571691847175e+00
1.432000743057454673e-01
3.425193020595624915e+00
1.023183079727142442e+01
1.876186110353539505e+01
2.674980391203720842e+01
3.208708597412727670e+01
3.341085414584853908e+01
3.047220230700704491e+01
2.416436179332693257e+01
1.620538454141592766e+01
8.586671952765920324e+00
2.974482060089811863e+00
2.590189288115471444e-01
3.848069532128828851e-01
2.492557635056858789e+00
5.296459567930832613e+00
7.549332957398444677e+00
8.433124333667736394e+00
7.753696135244852350e+00
5.897500508388250573e+00
3.593722533871539504e+00
1.589287378908960546e+00
3.656257532972442825e-01
5.824371529376791976e-05
2.118271273071621608e-01
5.566061781322577673e-01
6.727841553549108733e-01
4.627797729689183681e-01
1.236621143948001544e-01
1.313721929507238526e-02
4.194356821106643429e-01
1.357580792568385819e+00
2.509412030813886307e+00
3.356231352172467375e+00
3.450026280249445687e+00
2.684266833667840135e+00
1.408475279301928840e+00
3.008135824490955623e-01
4.084156957651841058e-02
9.434184463312597080e-01
2.753974788859106848e+00
4.733098489630847894e+00
6.005503112168965707e+00
5.997526277205668777e+00
4.727593524288630888e+00
2.787355515400924411e+00
1.021807546599562411e+00
8.759755832351186211e-02
1.376699342141599058e-01
8.034034638840076292e-01
1.467123283818344337e+00
1.646821999827722038e+00
1.256619149742560726e+00
5.959687647512483810e-01
9.880356063221738816e-02
2.478089300889242674e-02
3.013072723673826947e-01
6.126587532283027659e-01
6.593841017258730286e-01
3.954389903766895586e-01
7.042175712422082956e-02
4.488712862127001296e-02
5.098805980738252419e-01
1.313608231823208294e+00
2.027448261583744138e+00
2.217911165746619506e+00
1.744703025967938359e+00
8.797952221095474146e-01
1.578134602329459013e-01
4.710664279341508776e-02
6.525415431155112689e-01
1.643058103366786371e+00
2.451450715407000214e+00
2.618256170376560554e+00
2.062069325171262513e+00
1.111503137811336250e+00
2.902249415230082619e-01
6.889840214567686692e-04
3.053283325910870483e-01
9.283765045076149969e-01
1.454825113972229023e+00
1.584689916485064520e+00
1.283474014204929237e+00
7.539943295762885356e-01
2.751749734397551106e-01
2.837668102822640467e-02
1.917361998974577778e-02
1.229741586483835136e-01
1.986357719053017667e-01
1.816369085432925079e-01
1.006394711115556062e-01
2.538446681351316445e-02
1.026548518606608218e-06
1.466192513479177076e-02
2.904693415995491385e-02
1.853160104026695468e-02
5.857483545580180126e-04
2.043526880225491824e-02
1.103936621310899896e-01
2.574966878900556422e-01
4.053178405536406181e-01
4.879361601177396590e-01
4.702007006048875004e-01
3.661221298575623173e-01
2.255895404575520569e-01
1.025010313797739409e-01
2.754390097211767766e-02
1.064715265795812158e-03
4.698571546365760271e-03
1.868619265829864207e-02
3.248496514270792640e-02
4.557865002674964250e-02
6.353161644746918579e-02
9.486740176458713369e-02
1.491575228234768846e-01
2.328783353318978067e-01
3.418588631361188512e-01
4.551519517865099118e-01
5.379351826132565684e-01
5.560972382297363348e-01
4.954713680463854186e-01
3.726568382556422199e-01
2.283767282942286703e-01
1.064002363493491976e-01
3.184036608795565160e-02
3.070413875156923628e-03
8.685936321959459531e-04
5.429255491262744045e-03
7.511994776163394109e-03
7.762160037194035765e-03
1.071332270154379956e-02
2.501429626381214757e-02
7.318538490278395092e-02
1.995234171473263540e-01
4.583620988546970310e-01
8.765270130026209250e-01
1.407960096253665139e+00
1.916064662359129089e+00
2.212013606705834246e+00
2.143728492768703031e+00
1.690788512743176986e+00
1.004599777976864283e+00
3.574262173967704403e-01
1.742097774156855378e-02
1.157402067666551265e-01
5.819738780513495913e-01
1.185806868779499146e+00
1.659408839775266431e+00
1.827915197496313038e+00
1.675230133575393632e+00
1.317732858305047161e+00
9.168913607867269500e-01
5.935103885382315703e-01
3.926366513421785664e-01
3.037219726101245132e-01
3.011107918296979102e-01
3.641824832135692191e-01
4.652007082281376937e-01
5.492735820185553619e-01
5.426325936284704943e-01
4.012865727295919505e-01
1.710113933680315057e-01
6.484755040630429609e-03
1.152250646103871873e-01
6.426249462975294202e-01
1.562520002599664615e+00
2.646489434218058712e+00
3.543704807220659170e+00
3.936395675362477586e+00
3.687698293012811490e+00
2.901146158216464599e+00
1.862769850371467806e+00
9.037724730326344158e-01
2.617102244860886606e-01
8.944077791605255234e-03
7.002230716486598783e-02
2.984327105561066507e-01
5.593105525326267369e-01
7.768466525121630051e-01
9.370915746143685388e-01
1.063197995642850557e+00
1.185989714661711547e+00
1.322192902939568482e+00
1.461143063462509106e+00
1.559479854961461909e+00
1.549599782365325806e+00
1.369117335291011317e+00
1.006840042602022756e+00
5.416070993329398231e-01
1.410988580293101591e-01
2.652675091765481236e-03
2.539030757152827000e-01
8.653004181976446940e-01
1.632381430679465506e+00
2.252467140367886422e+00
2.464805019172103151e+00
2.180159298248997235e+00
1.525749381398354698e+00
7.777710085575848531e-01
2.190619393961220629e-01
2.709455067752878331e-03
9.617513822155315806e-02
3.295683716226007198e-01
5.094530073584474517e-01
5.254099110675055639e-01
3.897718526886064794e-01
1.990807846038228079e-01
5.500094295867066774e-02
1.222696103265023164e-03
1.290325856321086935e-02
3.446510964263291982e-02
2.988945158637149740e-02
7.158255360897492099e-03
3.042855025548025193e-03
4.543253550382415906e-02
1.251445422103129868e-01
1.989484727218720217e-01
2.203196887793976710e-01
1.738596866103834793e-01
8.782064304823349044e-02
1.621357029762082388e-02
3.888507438093750327e-03
5.889194827555114392e-02
1.496981121344296284e-01
2.268961884767449200e-01
2.530777083171822373e-01
2.214648910089027367e-01
1.537864893476131867e-01
8.252808904474662199e-02
3.149043367016503281e-02
6.680677063095209929e-03
1.731259989264652746e-04
5.428166628822555986e-04
9.588968655119971306e-04
4.000934506671012590e-04
2.093960198040811509e-05
3.796189829789324086e-07
2.638998794379588731e-04
3.777141379738401666e-03
1.806784325023043716e-02
5.184006680140134521e-02
1.078771759677451259e-01
1.772162660004775181e-01
2.396466467064379269e-01
2.717095977252389494e-01
2.583142582685163946e-01
2.014100794531662741e-01
1.206611220541039392e-01
4.564005985200942500e-02
3.680899708946281518e-03
9.445755157227347584e-03
6.070323600248073159e-02
1.411800916026927921e-01
2.279727664521250252e-01
2.995989106583247796e-01
3.415574151832955763e-01
3.482418010904690386e-01
3.218850461066427027e-01
2.700785527423448240e-01
2.032521077503461893e-01
1.327894432560979276e-01
6.973583975526573275e-02
2.368311990567250128e-02
1.485871690492788751e-03
5.854600938221011901e-03
3.432875351504776490e-02
7.934204137212572117e-02
1.298345006919225941e-01
1.741827979517981684e-01
2.034674457884672882e-01
2.137629667975194658e-01
2.065141734791959005e-01
1.869850150082204288e-01
1.616811318495873229e-01
1.359865385849598485e-01
1.128644552086999903e-01
9.273208227485958688e-02
7.413113503955173766e-02
5.488852470642582859e-02
3.382223966487169636e-02
1.306874101980919946e-02
4.134606231482139535e-04
9.964318705556208730e-03
5.913850772898435887e-02
1.611623026882945675e-01
3.150458919002169234e-01
4.978883282176435054e-01
6.652911835883545955e-01
7.631703091606831801e-01
7.487952904174753899e-01
6.129789761079462718e-01
3.924286157472388625e-01
1.637483105070654810e-01
1.815386915116539920e-02
2.539594694484021559e-02
2.019649518432111990e-01
4.986006057112758461e-01
8.147516027951702267e-01
1.035910796895722186e+00
1.079057228373592636e+00
9.269375949841154316e-01
6.360258335493877979e-01
3.141126150730281785e-01
7.667778096021377054e-02
5.236999450489139910e-04
9.435268372064267717e-02
2.984887679313785736e-01
5.131334010199065654e-01
6.421557648402294038e-01
6.329806210313660975e-01
4.954596953464834308e-01
2.925235143921509628e-01
1.082943796944506459e-01
9.257550164091602959e-03
1.651816073654121739e-02
1.011380828055002262e-01
2.030909287454109036e-01
2.631125272299735807e-01
2.511254310954661451e-01
1.775867236838147567e-01
8.347352111125955210e-02
1.571697428831487012e-02
1.944445531654220155e-03
3.784045371974452399e-02
9.285540981910350711e-02
1.297239692391916888e-01
1.260076009537158814e-01
8.552515557990626738e-02
3.397896351992289732e-02
2.379168332613223937e-03
8.585165472590255628e-03
4.768967076141125000e-02
9.616421989458680264e-02
1.263944736768958521e-01
1.224642550360044019e-01
8.803261175854044940e-02
4.249729747664508089e-02
8.772739525816605419e-03
5.354402219476297456e-04
1.623300112113492191e-02
4.234325309315169206e-02
6.265906685820987754e-02
6.733185354651866072e-02
5.656175835151586867e-02
3.790162156886742184e-02
2.017962635106219232e-02
8.488441123617128034e-03
3.016574062682370310e-03
1.326431128774953252e-03
1.416508896066780154e-03
2.986626463533230066e-03
6.338197526150108133e-03
1.050642961194496808e-02
1.282456545457400128e-02
1.078030809821511893e-02
4.891633596763406318e-03
1.417347637419208298e-04
4.262712544615364189e-03
2.335822814835854938e-02
5.742008668899498125e-02
9.870657848120248379e-02
1.343552314562818650e-01
1.520377107391032712e-01
1.456132199456377507e-01
1.177649072830358606e-01
7.841092867685325873e-02
4.004969521350739553e-02
1.266875398360100928e-02
6.716912828002172481e-04
2.805651252747484552e-03
1.437277813142531259e-02
3.008706142063775554e-02
4.611976741774127808e-02
6.074919189019742372e-02
7.388138390948360834e-02
8.606850649912349549e-02
9.753912143706071347e-02
1.075056650412137271e-01
1.139097724829412489e-01
1.137937066958951832e-01
1.044147890331171696e-01
8.488507745763584911e-02
5.764641686076236310e-02
2.884942012225594210e-02
7.012248204016056224e-03
1.608255038219327880e-04
1.256357610965114051e-02
4.259325588291221210e-02
8.284715768357923948e-02
1.226008481133278871e-01
1.515376537528314582e-01
1.631179425005970240e-01
1.562242846070508728e-01
1.346370580269736772e-01
1.049138071268739814e-01
7.382852332298701914e-02
4.645486311194231555e-02
2.542310422428376016e-02
1.123798849114416784e-02
3.155842920301463791e-03
9.129134826334743156e-05
1.230794318248413849e-03
6.262912480517495405e-03
1.526383055852287632e-02
2.831241256457625935e-02
4.494137645292745065e-02
6.361433554629393472e-02
8.150707546273031068e-02
9.485532317186395890e-02
9.993692931005308810e-02
9.443142374999130562e-02
7.861061668116642309e-02
5.575101892684262983e-02
3.141226774812685973e-02
1.171180458291828236e-02
1.216988421804677568e-03
1.317175532436845120e-03
9.787079345117815146e-03
2.175863578703789505e-02
3.170441911543742802e-02
3.558879893716409420e-02
3.227534339977015942e-02
2.362467327418251578e-02
1.331653630678691740e-02
5.005029409245808497e-03
6.991764607690920726e-04
1.203169240207673223e-04
1.289386962272108137e-03
1.978773212475512955e-03
1.225675991757020763e-03
6.822257876284221537e-05
1.062299049617826396e-03
6.780394965281325709e-03
1.806239174148687246e-02
3.298092492234395989e-02
4.717693716297097911e-02
5.554518985498935191e-02
5.453861234349702269e-02
4.398662329514223951e-02
2.749938716502670077e-02
1.118857724632232702e-02
1.248885998340907482e-03
1.496221259034133172e-03
1.196462652335227028e-02
2.912937856618898549e-02
4.753811169510961665e-02
6.200667730603096756e-02
6.937644426881948989e-02
6.917143119915952765e-02
6.310366745134403377e-02
5.390290352211096064e-02
4.413336500313008032e-02
3.547523813506045509e-02
2.857686266107996309e-02
2.328277327145016756e-02
1.897193009507587916e-02
1.487304579025169708e-02
1.039355827144487765e-02
5.537304967841080554e-03
1.351440215878716138e-03
1.497837035771619029e-04
5.191701982482527580e-03
1.966778660593383049e-02
4.520751643639137063e-02
8.048352954945892090e-02
1.206144335254761696e-01
1.578460935581098290e-01
1.834912177669328348e-01
1.905554896188405845e-01
1.761369327483344460e-01
1.427142036059034502e-01
9.782379778438081430e-02
5.219438534299403187e-02
1.692447447696413323e-02
5.699385662115323894e-04
6.980332148704688003e-03
3.444002815781962989e-02
7.626100927706618016e-02
1.225790429078457977e-01
1.628261042157197191e-01
1.882347704977327396e-01
1.937724150551650149e-01
1.790737569294072185e-01
1.481964044761126253e-01
1.083145010590538387e-01
6.773067956659159505e-02
3.376067395145191524e-02
1.107127891423639703e-02
9.071557299861032330e-04
1.356539378343355482e-03
8.469461568447031810e-03
1.777584205872461548e-02
2.565852281696138701e-02
3.015406961423600443e-02
3.102688760876322685e-02
2.926481097704240752e-02
2.634090864110463087e-02
2.359784582462902403e-02
2.195503361911512949e-02
2.191627376424499021e-02
2.369426515587628318e-02
2.725136745242199426e-02
3.217841648469823429e-02
3.750909347438879937e-02
4.168142939329296665e-02
4.283284061177523167e-02
3.945324505038273755e-02
3.120290294013872839e-02
1.954300028701825079e-02
7.818712775857127040e-03
5.991203939668274464e-04
2.359926774430820724e-03
1.588383903394223473e-02
4.093147618828695683e-02
7.372139469407505696e-02
1.075366106552653883e-01
1.344063175673788357e-01
1.474136309193956051e-01
1.428963553989978930e-01
1.217600012834065548e-01
8.936324675221446467e-02
5.391444858362818421e-02
2.387613140236921963e-02
5.292513742767878879e-03
3.571919922340016841e-05
5.632796780977040660e-03
1.669434318288281691e-02
2.728658140914512822e-02
3.319445792631008779e-02
3.312451813863626082e-02
2.846182701792450420e-02
2.193929300160696663e-02
1.609608973576947058e-02
1.239796251571896948e-02
1.136687540549175500e-02
1.334485283453928223e-02
1.906679170133095125e-02
2.936198805300932815e-02
4.399000083799031041e-02
6.040816850383372988e-02
7.360173272467326888e-02
7.766062390356068268e-02
6.873041149498125557e-02
4.791241599127891299e-02
2.234243755743645782e-02
3.378405056930635243e-03
2.289208671184341654e-03
2.526942002726224878e-02
7.016368726968096048e-02
1.265885903843687321e-01
1.795218157210277665e-01
2.147574454954254142e-01
2.237985563270441791e-01
2.061770372443498256e-01
1.685522293047575781e-01
1.214527633202794332e-01
7.540172596754292356e-02
3.806521576729190309e-02
1.322752135872910274e-02
1.406214310011428669e-03
1.303595444216248912e-03
1.122618664270686427e-02
2.991504341515452414e-02
5.661036263320847611e-02
9.043978599697638510e-02
1.293906916751624281e-01
1.693035181692617852e-01
2.034994864575059570e-01
2.236557080930548780e-01
2.221582176154386079e-01
1.954025514204482394e-01
1.467081938951492748e-01
8.719952272196888898e-02
3.356424306346836306e-02
2.940166725569946272e-03
6.688509215045878274e-03
4.565292328711340053e-02
1.091185416052116719e-01
1.781595604162126700e-01
2.321244108938891881e-01
2.556304918055183339e-01
2.433043969745330437e-01
2.006223780525891176e-01
1.409544181922994244e-01
8.041196967431753218e-02
3.269361175266680825e-02
5.698800304850459506e-03
6.275096422236188477e-04
1.320563695896112208e-02
3.604190997660128987e-02
6.107059844088737893e-02
8.139819392179840907e-02
9.235070124716635021e-02
9.186200237155738024e-02
8.045154564550960341e-02
6.095196940958483994e-02
3.798533907089634426e-02
1.708550661396622886e-02
3.418629494432550309e-03
2.744348276428806030e-04
7.786571486234486646e-03
2.250143035577869752e-02
3.826513423877227899e-02
4.839138007475474179e-02
4.839257341363222692e-02
3.807358053464984099e-02
2.186093506807450584e-02
6.969001546762883074e-03
9.275923201097078976e-05
4.183106367834273261e-03
1.696187467444022073e-02
3.201915525962632098e-02
4.199251732003583815e-02
4.219600307426622787e-02
3.280861432073092776e-02
