3.708667033607540575e-02
3.363703798127576361e-02
3.242749426935587209e-02
3.284819638948696663e-02
3.514190678450065247e-02
3.926437128425643019e-02
4.321624376663810857e-02
4.415888714641814927e-02
4.208155918949133684e-02
4.055889735593715129e-02
4.309820423637977793e-02
5.001411904440290768e-02
5.823977937247612480e-02
6.429673226714512080e-02
6.791085850677794356e-02
7.141389590583571700e-02
7.617027299602446844e-02
8.056408822144837945e-02
8.074135001352121532e-02
7.329012636212929588e-02
5.859480363498729971e-02
4.196453315085657554e-02
2.982745681565160747e-02
2.477632497865544722e-02
2.500948553684263428e-02
2.576166264756482582e-02
2.228169204817236071e-02
1.510268207159441538e-02
8.801921032292343156e-03
5.825877050496294784e-03
5.770846982874486275e-03
7.752030563693938781e-03
1.065671666614576192e-02
1.338770307871527468e-02
1.653311972559304635e-02
2.287831324854806489e-02
3.558858179087421442e-02
5.398824345736771141e-02
7.034468566897282560e-02
7.643210397749174156e-02
7.353754681727517339e-02
6.961410076517786372e-02
6.913730720561313270e-02
6.939869746186874688e-02
6.436565365700032404e-02
5.158204036952871580e-02
3.463675867042061152e-02
1.901999132694207756e-02
8.075507413696286427e-03
2.323235043648287125e-03
2.983684681928958841e-04
6.040755134995926013e-06
1.993429298901931430e-04
4.051464479347369370e-04
3.610548347483057727e-04
6.661991161430886861e-05
1.153218399404538078e-04
1.002594026045773275e-03
2.509632494178128895e-03
4.527351680754279975e-03
7.523083235599747030e-03
1.171548744926810028e-02
1.635678130403194278e-02
2.036906311896053562e-02
2.319060067914978027e-02
2.443861700156466088e-02
2.386891712551509476e-02
2.232879213197601700e-02
2.158781935936269700e-02
2.254603278071677305e-02
2.401267077421594121e-02
2.382678779652547957e-02
2.173300309549121984e-02
1.969209892652883792e-02
1.893599940907420356e-02
1.853164282993407033e-02
1.710455598295520727e-02
1.512291939537463437e-02
1.391909115613186761e-02
1.291298020486969338e-02
9.469839487582964316e-03
3.395877309385204358e-03
1.625153438959218221e-06
3.081240875647686152e-03
9.108191934071575152e-03
1.288892902378213808e-02
1.278065462142120509e-02
9.543569929124216811e-03
4.927532016575331478e-03
1.234270345495760458e-03
5.868856882213785944e-06
1.684592643416806760e-03
6.690948377212702428e-03
1.480057545368168928e-02
2.300201138224191449e-02
2.708543760687948457e-02
2.632950071551429932e-02
2.318451189302854834e-02
1.929632786481564471e-02
1.497250241491895895e-02
1.130421172464125650e-02
1.014842642055086876e-02
1.262477909818592904e-02
1.816652057937159434e-02
2.329512400682584236e-02
2.427486420704343811e-02
2.137302806054130339e-02
1.685015654426616494e-02
1.148334607064309051e-02
5.668510708412931483e-03
1.349378440058324885e-03
1.042231257768843908e-06
5.713228722420437590e-04
1.441383855978916294e-03
1.997315932742867260e-03
1.942379110891775734e-03
1.150391113400233171e-03
2.954555579993937845e-04
9.865595495338435721e-06
4.102664460252572047e-07
2.821074684974008483e-05
2.360762103641108906e-04
6.331854240889538176e-04
1.010827940311688272e-03
8.888719431322284099e-04
1.685571338624570949e-04
3.173416168981014053e-04
2.667315555931745914e-03
5.836523947413477242e-03
8.055814221719418550e-03
9.745382517662741148e-03
1.188034282708894454e-02
1.409314232958391519e-02
1.523922312982634725e-02
1.514316118940895947e-02
1.434252275283500778e-02
1.253830420137247610e-02
9.175015121286994244e-03
5.379168449819991295e-03
2.969552571351533662e-03
2.120326199232921462e-03
1.765049492321144444e-03
8.733169838734737523e-04
2.222191345638846065e-05
4.929191017245235272e-04
1.496267260288907525e-03
1.895117961679694410e-03
2.019135377420037090e-03
2.263839788720818820e-03
2.224785682422727225e-03
1.478549262927508550e-03
5.829939613311183001e-04
1.602263527772279693e-04
8.658950988518856237e-05
1.717614055420185163e-04
4.448337043974754626e-04
1.019300271197918616e-03
2.004778641125674280e-03
3.349428164301742131e-03
4.846623068267019198e-03
6.119124725787667037e-03
6.191579084381409852e-03
4.098032112407376526e-03
1.209491876070429997e-03
4.060533529176451505e-05
9.011122940749360357e-08
5.951545439069613275e-04
4.145419428143668969e-03
9.633185157224815470e-03
1.349990845391365116e-02
1.556501331143323071e-02
1.747335776636962934e-02
1.963669234230306510e-02
2.258683566746995386e-02
2.941314577715595582e-02
4.477313717883087824e-02
6.952503941120076469e-02
9.533828283228930334e-02
1.122776389686537674e-01
1.219836170470856018e-01
1.329129128807935711e-01
1.462536878421869802e-01
1.542703550212522201e-01
1.533952667742648490e-01
1.525203416654984101e-01
1.632059682555544178e-01
1.872271610629378247e-01
2.150079564804975307e-01
2.351707361389835937e-01
2.440611395680566675e-01
2.427125973120157210e-01
2.303389027061785443e-01
2.073538606465679113e-01
1.805837202475875092e-01
1.588279710870972861e-01
1.450752574969210729e-01
1.365422547968192790e-01
1.307389899595306215e-01
1.286845877866724386e-01
1.314783348787852135e-01
1.361174597188524737e-01
1.373390800211349849e-01
1.336850969994824445e-01
1.285276297035884696e-01
1.241152245337460436e-01
1.178804703304663221e-01
1.060043090090224127e-01
8.847474265864688214e-02
6.790031840857783940e-02
4.517459083418234184e-02
2.115937550791065214e-02
3.055874319297019904e-03
2.598664466393642552e-03
2.599587545536019909e-02
7.203713693869864820e-02
1.374999559228695378e-01
2.158081272599354228e-01
2.910269113196434221e-01
3.420645785618965928e-01
3.560476349417455166e-01
3.321738718960900449e-01
2.739676985256045971e-01
1.870833747611923281e-01
8.844373940851735227e-02
1.364354494048504972e-02
1.076449774612148018e-02
1.257620382905735024e-01
3.884046515400361166e-01
7.939160226203384463e-01
1.279620170697018278e+00
1.726263222914798501e+00
2.008510477417493778e+00
2.058323760164286753e+00
1.877906039443881125e+00
1.506307181058075928e+00
1.004549516337246207e+00
4.807614156010454054e-01
9.676946515180154251e-02
1.472982151457050831e-02
3.341440166334171957e-01
1.075438418615989100e+00
2.173757710527811859e+00
3.439492509163329270e+00
4.552890710822802944e+00
5.180750835168008273e+00
5.141405834500544891e+00
4.458931984756527633e+00
3.304683290289061492e+00
1.951388624279126738e+00
7.574043978584319436e-01
7.813532852253315952e-02
1.020555582846481013e-01
7.633500784298642428e-01
1.814514924858992684e+00
2.959765931421239671e+00
3.926576022964614499e+00
4.477201601013863552e+00
4.439539009948686221e+00
3.789808372908671341e+00
2.715303926444046834e+00
1.555691801958715148e+00
6.345529814788385403e-01
1.190151842907721247e-01
5.143330995903287566e-03
1.856047648042887244e-01
5.140540926848743419e-01
8.480878722941143089e-01
1.090953211356820551e+00
1.218604463625412082e+00
1.263814305405627891e+00
1.272926395342314443e+00
1.276301637503968411e+00
1.285616726515843355e+00
1.303100448319764570e+00
1.326704715113016464e+00
1.345807834051660601e+00
1.331188684063317584e+00
1.231942327439801810e+00
9.992614281530274312e-01
6.406489074777781401e-01
2.597356356137017763e-01
2.187088715358844609e-02
6.281084013085004580e-02
4.222111678905111631e-01
1.028256843644076213e+00
1.699116665437279572e+00
2.176394204949450017e+00
2.242375564826402989e+00
1.866583653406332921e+00
1.231657133381266256e+00
6.036001382586179131e-01
1.779107581995461040e-01
9.138312338975945401e-03
2.467220552542205222e-02
9.247138419898777439e-02
1.126563276847679235e-01
7.340384510350077274e-02
2.400290607735795084e-02
2.041500020721479999e-03
2.803420439913808374e-05
1.447638116421927010e-03
3.428314331841052914e-02
1.794155404510966167e-01
5.262634897062312689e-01
1.109975719602010358e+00
1.857755923173139756e+00
2.562172284136707834e+00
2.922751819986034949e+00
2.697432838423771351e+00
1.905634035159089690e+00
8.984898612562924880e-01
1.677878979851864794e-01
2.151227126273384110e-02
4.020211799013198029e-01
9.662969967178829389e-01
1.319353403081373610e+00
1.245057695793234664e+00
8.230647586494066470e-01
3.440036915434743214e-01
5.974144441942855904e-02
1.007807861451576843e-03
3.478459613031381625e-02
4.132501279436204961e-02
8.406880728801514185e-03
1.585023072463108071e-02
1.712317255014972617e-01
5.124358183448989301e-01
9.198191289466788323e-01
1.154223385300144011e+00
1.042258417063172793e+00
6.370457186661729887e-01
1.949245621469035683e-01
1.321306607755463099e-04
1.736339247020415588e-01
5.846541392235697909e-01
9.346739257424845349e-01
9.781851978917639467e-01
7.070419912236143301e-01
3.299692358240007839e-01
7.299218061336777696e-02
1.985299097959008574e-04
1.592585804961799481e-02
1.445406478129005606e-02
3.076150326942679895e-04
5.494061021725768490e-02
2.106847939035743078e-01
3.916520043945732610e-01
4.802100316479108733e-01
4.185740384233606615e-01
2.472846011165438507e-01
7.302993620401876385e-02
5.170509441751428053e-05
5.709341472013577945e-02
1.731047593379209937e-01
2.415785430251594923e-01
2.147402042080577278e-01
1.263008013178989197e-01
4.075599107067398585e-02
1.436160717277285871e-03
1.014930348577613647e-02
3.132161512932019748e-02
2.650058316252176457e-02
3.214497505936517695e-03
1.213357121102966174e-02
8.157267383335214950e-02
1.749420706178363150e-01
2.265296220908251945e-01
2.053646860618426329e-01
1.359377626983821752e-01
6.635903089686245870e-02
2.557751871482023820e-02
1.148988852399431514e-02
1.219385426986407776e-02
2.424270189593310046e-02
4.432312573447361875e-02
5.677000688515406596e-02
4.510363901483425975e-02
1.522130143444048837e-02
5.031276984733163175e-04
4.272170902842516160e-02
1.604007605701503469e-01
3.203708862485629694e-01
4.421447574094499178e-01
4.550605891482056853e-01
3.617089687158499545e-01
2.307105258322243169e-01
1.284965521311562942e-01
7.607347302354207363e-02
6.468959977890861857e-02
8.848787414656743289e-02
1.545333256804720390e-01
2.658219501340926549e-01
3.944782482774832899e-01
4.748165478625410718e-01
4.394944918635647069e-01
2.826176772567843831e-01
9.210265078087714885e-02
2.710751584087526026e-04
7.185883216703409238e-02
2.323343160838381716e-01
3.295364419142770007e-01
2.806254564344866642e-01
1.421120525363826492e-01
2.989250633800651438e-02
4.036418406528349888e-04
2.386692799321491268e-02
4.209690516084924061e-02
2.832209762584311091e-02
3.836912977456723248e-03
5.001854333727765931e-03
2.846526062605004431e-02
3.203759376065560410e-02
7.543007668261525120e-03
5.771358703830013238e-03
6.496409212905401853e-02
1.649503265298428722e-01
2.623496994964756301e-01
3.305804446204291258e-01
3.672517859226600012e-01
3.904580948773664906e-01
4.283388358670027762e-01
4.967381227927998300e-01
5.753814551408145128e-01
6.077465898505277631e-01
5.440773714597703092e-01
3.840265861644739931e-01
1.744828760299286519e-01
1.388280446234056373e-02
7.928409456586305026e-02
5.465794437754929458e-01
1.370349149284562751e+00
2.214204568799972961e+00
2.707915963888558597e+00
2.706865782709402257e+00
2.282853976774109839e+00
1.607902548244452667e+00
8.961836407531218462e-01
3.445656534188800135e-01
5.122227208262662701e-02
1.485961513691575440e-02
2.230693763054712730e-01
7.238103585218076397e-01
1.621665557274770464e+00
3.002214456376328222e+00
4.785322153499627085e+00
6.559441887165366580e+00
7.608033677227870051e+00
7.311372509305700262e+00
5.657837959222705493e+00
3.320741162989814477e+00
1.235693600576293294e+00
1.134014949635751002e-01
1.673387778600652631e-01
1.082613022210852538e+00
2.255867879958522781e+00
3.188400822956780623e+00
3.701763195385429750e+00
3.850163874957353016e+00
3.743491028532922371e+00
3.464589932909256209e+00
3.056997035763967308e+00
2.522721659926397741e+00
1.853453266417467882e+00
1.111560614639148570e+00
4.663547640396885074e-01
8.879216618835057695e-02
1.165456437778661673e-03
6.746459548040285858e-02
1.279802937135547936e-01
1.212746408419527189e-01
8.378871087804506956e-02
6.685531209001725761e-02
1.010594814806209107e-01
2.366193065174296561e-01
5.463817147562712861e-01
1.063983565343931348e+00
1.745440266753725433e+00
2.466510219795019498e+00
3.033580655610351950e+00
3.257664541334587494e+00
3.081787175997777961e+00
2.618084229867226220e+00
2.039993316507821230e+00
1.465206303047773773e+00
9.397753462119913248e-01
4.885339210652783204e-01
1.557932385267679076e-01
4.072683083815386608e-03
7.364663519727815411e-02
3.342088196112629195e-01
6.811616856821006705e-01
9.883114898063103393e-01
1.162301622878079810e+00
1.163771982201124322e+00
1.018551355174627915e+00
8.165454583601978733e-01
6.629896534501081851e-01
6.182422810968415394e-01
6.905495943111055190e-01
8.555444725809365769e-01
1.067231115159408494e+00
1.264705837299210378e+00
1.363911479673862059e+00
1.267966707149064343e+00
9.554688747673099058e-01
5.529421186025416102e-01
2.338593652234338960e-01
6.226688697492571700e-02
2.123541055426749619e-03
2.652186353480039116e-02
1.693500879441266205e-01
4.915369599383589416e-01
1.007463578547100003e+00
1.641125739965718644e+00
2.222446103907525838e+00
2.516112945488042207e+00
2.344387503781244941e+00
1.765985936114551791e+00
1.075401821195794749e+00
5.561830117590118583e-01
2.854630202137249384e-01
1.911308996702048013e-01
1.941954963022226033e-01
2.500737808729401879e-01
3.146535494505821595e-01
3.298094370040012269e-01
2.565744371679880564e-01
1.203927181779698569e-01
1.262719370153544268e-02
2.424416963146724946e-02
1.636362941985086139e-01
3.511087406112348153e-01
5.023371465590560359e-01
6.006173298566351848e-01
6.861569125137817471e-01
8.023309023380451599e-01
9.547978677717471330e-01
1.092024337649834420e+00
1.116002854418018941e+00
9.437546914626642192e-01
5.950363114077307225e-01
2.203563450187056294e-01
1.196055021807076318e-02
6.118491816394948379e-02
2.913860398667393325e-01
5.285657783440790292e-01
6.511008167464561458e-01
6.802553839982770079e-01
7.318919794868652406e-01
9.163243555639417615e-01
1.266585433649275227e+00
1.655486360130366652e+00
1.798852806480070843e+00
1.486405278480317449e+00
8.257492495660770926e-01
2.026875670814630714e-01
6.353613646252770190e-03
3.376478769256251455e-01
9.078195234059075469e-01
1.281986080938675832e+00
1.273275129941439099e+00
1.025915372543432236e+00
7.565198835521801390e-01
5.576003537145607369e-01
4.168217584329206304e-01
2.999350886837005015e-01
1.916768234846635000e-01
9.589154845649451586e-02
2.628534463568198490e-02
3.106538240644620916e-06
2.423225490655227937e-02
8.832833531952025141e-02
1.854302579635408454e-01
3.418027708501443773e-01
6.136368041112834071e-01
1.034165208778011547e+00
1.531120357442711910e+00
1.910511377082787288e+00
1.971177550644261700e+00
1.652728736897578266e+00
1.085577434641455952e+00
5.150759504923311249e-01
1.451140873308539303e-01
1.077589492153959404e-02
4.393097535496030652e-03
1.562581965934834241e-02
1.044670959841524117e-02
1.186184974316427734e-03
2.867509143386418480e-03
2.054314614996838317e-02
4.336254181240290634e-02
4.613514902263853718e-02
2.035980405998304502e-02
1.416883780045476530e-07
3.302518618099782588e-02
1.367324854625177888e-01
2.846868815544879028e-01
4.095631841925945760e-01
4.288686674648008457e-01
3.211379764624205935e-01
1.691121116327403695e-01
7.054645622884178624e-02
4.307534416661389781e-02
7.446840620402500610e-02
1.963451750601012125e-01
4.386736280435629687e-01
7.421160887278582807e-01
9.561604576336174555e-01
9.480458523474331045e-01
7.311559644617734444e-01
4.541953465905395060e-01
2.518910512447217198e-01
1.531371947432830782e-01
1.257822022321750943e-01
1.385864831901719996e-01
1.690547144405317725e-01
1.889274866293917388e-01
1.650885648395658267e-01
9.093244617798766638e-02
1.570766715932684840e-02
7.308210060822153617e-03
7.975127963811565190e-02
1.874500923644020489e-01
2.801495224410704421e-01
3.371694266827207076e-01
3.593909370847914175e-01
3.537319526623476929e-01
3.273391899961035079e-01
2.837541843207141423e-01
2.187992532465702078e-01
1.286952645411089946e-01
3.549488290762065762e-02
1.707887271798882393e-03
8.929119184689869593e-02
2.790920929077457258e-01
4.463720606636157329e-01
4.512158699021101005e-01
2.737332928194169401e-01
6.051719821076315814e-02
9.582674054415095052e-03
1.786894792253937714e-01
4.177635104580761372e-01
5.181811416533664838e-01
4.143662947813112618e-01
2.143236292056477366e-01
6.057993986223018934e-02
3.493046879590193735e-03
3.472374316789018488e-03
1.236092624895887386e-02
2.033109829668019661e-02
4.718875839556016527e-02
1.467259957885395649e-01
4.168021069764503705e-01
9.334482731661692956e-01
1.634780013226162287e+00
2.277280593568324907e+00
2.535981027594480075e+00
2.225918177160468137e+00
1.490262960407687132e+00
7.206619717289479699e-01
2.288884544883813821e-01
3.882340250779400120e-02
1.752462486252658134e-03
1.962071796598572769e-05
9.672149797637705074e-05
1.138630415971599898e-03
9.669993085525490327e-04
2.456164866881881104e-04
1.245473389910203496e-02
6.790994783976879445e-02
2.208083023810049339e-01
5.466640779776249515e-01
1.092197776000729315e+00
1.786046073971187642e+00
2.409311688979387078e+00
2.709167422417732674e+00
2.572916505385814290e+00
2.096905504954898358e+00
1.503603594559595802e+00
9.901078621715472261e-01
6.333573582006700731e-01
4.005328835403117460e-01
2.246252985606146946e-01
7.825558298662946277e-02
1.807839638262497429e-03
3.892980725601044578e-02
1.380967132007464016e-01
1.802210285846042592e-01
1.182514714786009058e-01
2.927569806547752548e-02
7.993654205712832450e-05
9.376757598677143771e-03
5.741083755479294915e-04
4.160087653515520678e-02
2.472642424932741390e-01
5.236715644854615936e-01
6.083270154409096131e-01
4.208902017191701872e-01
1.651074302948248584e-01
3.249099022076767235e-02
6.666233868917159286e-03
2.142742205376250986e-02
9.980039482546382290e-02
2.217734280261903501e-01
2.498852424667504235e-01
1.290671757509240791e-01
7.812638024386715091e-03
4.948848453853335605e-02
2.312481807175926218e-01
3.952958043946042666e-01
4.330792011234254058e-01
3.725194138529816512e-01
3.100205376914258459e-01
3.136915566183901549e-01
4.006716926488635977e-01
5.262990098406010731e-01
5.723467855654509329e-01
4.512786171553220260e-01
2.341379456101754797e-01
7.095278061483215049e-02
1.145563099752225020e-02
3.217980771825504176e-03
1.177406917797736707e-02
4.628771768785533425e-02
1.048088403273560454e-01
1.587143666121337837e-01
1.770404419946918773e-01
1.462976440736429573e-01
8.170872486670625878e-02
2.262948394367422789e-02
1.095517835513284841e-04
1.013898265144773381e-02
2.670887975531084299e-02
2.896097245153878702e-02
1.401156855439095184e-02
2.230144596937988716e-04
1.237350815598727352e-02
4.415486880861958785e-02
5.511509993199599500e-02
2.967788468841063218e-02
2.774256034321448145e-03
5.048025176363062430e-03
2.350040171263015343e-02
3.129902726837845844e-02
2.463457755604928079e-02
1.660343394060774871e-02
1.542546327071518848e-02
2.128625780336553322e-02
2.690704391157775974e-02
1.998776990764915967e-02
4.429329562891198141e-03
1.528207157919168370e-03
2.116229559795328521e-02
5.587552300968101626e-02
9.227206916661892522e-02
1.080570807654349236e-01
8.111666848134863050e-02
2.817439292143504928e-02
2.430971945623752782e-04
1.252271870154477926e-02
2.991791825752094722e-02
2.693766785085082230e-02
1.120754302265975291e-02
4.269142157260462649e-04
5.216019597431069584e-03
2.333172125717661999e-02
4.284096542940733776e-02
5.841535673822215169e-02
8.038417853954650527e-02
1.256053228292728641e-01
1.984773961527147301e-01
2.670907404466424939e-01
2.743805312001466046e-01
2.010481078070106564e-01
9.740125142011697712e-02
2.792010121040854054e-02
5.095626483097475019e-03
3.540589433885256952e-03
1.510707865931072529e-02
4.554501197006212421e-02
7.334612440177727677e-02
6.692084275884475908e-02
3.437022767893360697e-02
9.598532811262177125e-03
2.742756135365952228e-03
5.855249304817827100e-03
2.221818753336494978e-02
4.503409445250044357e-02
4.637523503210365383e-02
2.464837901994403405e-02
7.747063281670780663e-03
5.117235935484179196e-03
1.883364589756295407e-02
7.317667834049033926e-02
1.906735892761763085e-01
3.663922241124116241e-01
5.644130449735916821e-01
7.149739951212099598e-01
7.418655129507362167e-01
6.292587189008124193e-01
4.420850170220050335e-01
2.615959755409522081e-01
1.278030296941162214e-01
4.540299458520859893e-02
7.592271576053744898e-03
1.782013359543226533e-05
2.063499346225861671e-03
1.148460249605705481e-03
3.412625193900584684e-04
8.943680580235417732e-03
3.282112105136181235e-02
7.342417768911464748e-02
1.293303573681088003e-01
1.943193115910278046e-01
2.520410484730716272e-01
2.770698624797126031e-01
2.543679148790262134e-01
2.009392715409421826e-01
1.535541373098750495e-01
1.352723845223462729e-01
1.436848213252749640e-01
1.532926437515936546e-01
1.282110354754512349e-01
6.588250721945181076e-02
1.281697154455011672e-02
7.348583119412296189e-05
1.972649836416793395e-03
7.923783785960668725e-04
2.886339698328394682e-02
8.934189687299554095e-02
1.156510113332711864e-01
7.450752510758504310e-02
2.097982615174984189e-02
1.745765386829632596e-03
1.552257286930737229e-03
2.647901249284270384e-02
1.381051829973571621e-01
3.308412003219506903e-01
4.514696957974376756e-01
3.627005239002833448e-01
1.480693084256109460e-01
1.179048249181014439e-02
1.372358037459193471e-02
4.833289082331756331e-02
3.605820484049612751e-02
4.968469743128762182e-03
4.550768616788504126e-03
2.244896731973152967e-02
1.549462574585693843e-02
1.470238106495952261e-04
4.201290546390105962e-02
1.337045146382790928e-01
1.780565723260518485e-01
1.264581730762090461e-01
4.155688549572278401e-02
1.124669087565512366e-03
7.909243121482362193e-03
1.471421824436642059e-02
4.142516275959316763e-03
9.359275566203661446e-04
6.878294401905638185e-03
9.593014563362611737e-04
1.601296658934774769e-02
1.081250310257809433e-01
2.434885177516967480e-01
3.167231247364233893e-01
2.763790703351866052e-01
1.704789037522501105e-01
7.860349733432957231e-02
3.579914217685512684e-02
3.219101189053274331e-02
6.025920353295417115e-02
1.112388248940694019e-01
1.379964786537571375e-01
9.973451831394004874e-02
3.290199547645351191e-02
1.093718768277371443e-03
2.848831855088846104e-03
1.159847795405827449e-03
6.526390018723128919e-03
5.467192413485835040e-02
1.229418935244911415e-01
1.426285270977942776e-01
9.628400078341217694e-02
3.850129866787340566e-02
1.189525078442612953e-02
1.072093361763357643e-02
3.187585072524345975e-02
7.636510739202745368e-02
1.051547854956970396e-01
8.442407924430433974e-02
4.362597636488588920e-02
2.206137966521827531e-02
2.395179168358792243e-02
4.460648032506928790e-02
6.566507468976187645e-02
5.576841403053296037e-02
2.214311250379701751e-02
2.152344547431364174e-03
4.273082127073268851e-07
3.349185924114877252e-03
4.430303323362848322e-02
1.593339851071740310e-01
2.953668210349727485e-01
3.406024033423359909e-01
2.586139419084315660e-01
1.262784821382291200e-01
3.443439282702377702e-02
3.145216023177986164e-03
9.040609803281129793e-06
6.679011542080488106e-07
2.810865766172333433e-04
6.855216151629998564e-05
1.126009211556098372e-02
6.383951579367172502e-02
1.476907287521949941e-01
1.968739851974125599e-01
1.759456532151063013e-01
1.188894434529146615e-01
7.101705982732089972e-02
4.491184879452706641e-02
3.174676028400438138e-02
1.948264901757933501e-02
4.149465321028177750e-03
4.239403977085225324e-03
5.683550318423039038e-02
1.762363778002317138e-01
3.255116282719521803e-01
4.467586905363472027e-01
4.972433067503095327e-01
4.502848909941401523e-01
3.088509289933705215e-01
1.388076413228427619e-01
3.018819729041567063e-02
7.120166728601887846e-04
1.124869276826407196e-03
7.616085654991433789e-04
6.958506443927661982e-05
3.008282874852456247e-04
3.821324421169137401e-03
1.437212939248831353e-02
2.405770819382320458e-02
1.719314703191159727e-02
1.214713437334519371e-03
9.328051065567213515e-03
3.123473799144244750e-02
1.447205086553023795e-02
7.373210056461188856e-03
1.256736659142413115e-01
2.982453462891828111e-01
3.136340097042890074e-01
1.587668900318264242e-01
2.548714658489835416e-02
8.131450948847335691e-04
7.620762616051680698e-03
9.766532988933023223e-04
2.098470044877302678e-03
1.187921576222314641e-03
1.336349905859214766e-02
1.293119962871105977e-01
3.450433743068555548e-01
4.895106590191737883e-01
4.562102935193059761e-01
3.394609648894482690e-01
2.753521167472826048e-01
3.181830955563211827e-01
4.586554018272261390e-01
6.006558100273344802e-01
5.957201361207746793e-01
4.255521788908747660e-01
2.347436500740672227e-01
1.366032649000087917e-01
1.363206066058805788e-01
2.158910509951733059e-01
3.311404168549836879e-01
3.821703740643400127e-01
3.145089612624950015e-01
1.911429574990880231e-01
1.004018036207482423e-01
6.431566738492748569e-02
6.270117725050221302e-02
7.042352888101595376e-02
6.345307787245794973e-02
3.886122903469683282e-02
1.565223910787293116e-02
4.223215751437223858e-03
3.687530214984459658e-04
1.255565483506143479e-03
1.355679652996908888e-02
4.326354551102393198e-02
7.077594795185929155e-02
6.341645583456016755e-02
2.714314014721336960e-02
2.203285829132458143e-03
1.891294331270060173e-03
4.979079694229214884e-03
2.008213503169367295e-03
2.929423581439831946e-04
2.082572959174655916e-03
2.443967172482226780e-02
