0.000000000000000000e+00
0.000000000000000000e+00
0.000000000000000000e+00
0.000000000000000000e+00
-5.571114912103181455e-70
-1.597605916057893566e-67
-2.278244952483390712e-65
-2.154021925717264398e-63
-1.518965170330312676e-61
-8.521151080720407669e-60
-3.961008458462661450e-58
-1.569205418713526805e-56
-5.408161758668447761e-55
-1.647133261174457090e-53
-4.488336101916544566e-52
-1.105241370416878394e-50
-2.479820722173651264e-49
-5.104730081643799941e-48
-9.697569318177880525e-47
-1.708764571914542396e-45
-2.805012158128300016e-44
-4.306147902391918209e-43
-6.203233378301646561e-42
-8.410695875359266723e-41
-1.076220862711996438e-39
-1.302804135976946474e-38
-1.495256159051029950e-37
-1.630319479926989140e-36
-1.691745127765068121e-35
-1.673472530898869295e-34
-1.580446358428160753e-33
-1.426990023600480194e-32
-1.233379405429575523e-31
-1.021688639629152793e-30
-8.120060367411121481e-30
-6.198067310444112274e-29
-4.547944431656697477e-28
-3.210791338597563569e-27
-2.182712321755273424e-26
-1.429858686004543195e-25
-9.032413986549252796e-25
-5.505660017246300454e-24
-3.240192639908286546e-23
-1.842174712919316102e-22
-1.012312882539247189e-21
-5.379375647614318165e-21
-2.765515075593644656e-20
-1.376025906282784531e-19
-6.629017709874774687e-19
-3.093115348663793301e-18
-1.398321884423826143e-17
-6.126463543814659688e-17
-2.602076130357613208e-16
-1.071622797351098103e-15
-4.280247590217971462e-15
-1.658376425634525902e-14
-6.233846910933508059e-14
-2.273781967096636962e-13
-8.048435476110007717e-13
-2.764927880391084613e-12
-9.219236593453427938e-12
-2.983756234248854783e-11
-9.373386060432856643e-11
-2.858189066741003745e-10
-8.459249904433808120e-10
-2.429924168061086562e-09
-6.773841182854561554e-09
-1.832346787741899494e-08
-4.808909508870515005e-08
-1.224261124106824122e-07
-3.022720172306697600e-07
-7.236208588769672035e-07
-1.679153302309406059e-06
-3.775685631883010020e-06
-8.223748627037313528e-06
-1.734346802993707849e-05
-3.539958269306285881e-05
-6.989400891014510163e-05
-1.334209151556291814e-04
-2.460886051423729444e-04
-4.382922614226212460e-04
-7.532575220138327827e-04
-1.248299516871562067e-03
-1.993291956144449106e-03
-3.064686763342381551e-03
-4.533939940820891530e-03
-6.450719390133361972e-03
-8.823829292133581262e-03
-1.160580147241176141e-02
-1.468920815227208257e-02
-1.792203695856337681e-02
-2.114436939567572449e-02
-2.423925572992315786e-02
-2.718012181434973501e-02
-3.005112619611453179e-02
-3.302193721429788620e-02
-3.627687408790144369e-02
-3.992461504190863986e-02
-4.393454808418519042e-02
-4.814283343279995159e-02
-5.233825765272868968e-02
-5.638758474451044389e-02
-6.032365315285447005e-02
-6.432937361654229858e-02
-6.861380687225446251e-02
-7.325771121164852129e-02
-7.814358037967789050e-02
-8.303611931093060616e-02
-8.776434167349289606e-02
-9.236228366514405430e-02
-9.704163412651363452e-02
-1.020044287862551802e-01
-1.072530397560382959e-01
-1.125761527445960225e-01
-1.177389811260065311e-01
-1.227061856015709412e-01
-1.276748964814224396e-01
-1.328699560912003086e-01
-1.383005322544700599e-01
-1.437371158562568974e-01
-1.489482116947656587e-01
-1.539484387472710714e-01
-1.589767144897158979e-01
-1.642144775048608452e-01
-1.695612643835952282e-01
-1.747390136577020581e-01
-1.796150177874864806e-01
-1.843558064478280356e-01
-1.892113629217433424e-01
-1.941870277932933597e-01
-1.990208369470613248e-01
-2.035088291048562092e-01
-2.077621247704692364e-01
-2.120485267890782344e-01
-2.164177386165605788e-01
-2.206170823533919467e-01
-2.244253316030766499e-01
-2.279497503370528644e-01
-2.314626728036839332e-01
-2.349975731383867061e-01
-2.382840528337566710e-01
-2.411276696890633231e-01
-2.436844410926806148e-01
-2.462157064102314941e-01
-2.486795943398310282e-01
-2.507785751030515708e-01
-2.524019618097929629e-01
-2.537853425023214315e-01
-2.551296696277641773e-01
-2.562697020083266608e-01
-2.569222293961742065e-01
-2.571280492587579292e-01
-2.571749986014683631e-01
-2.571165312767811351e-01
-2.566706249705103526e-01
-2.556748517075969618e-01
-2.543476107322468205e-01
-2.529114758855101619e-01
-2.512056461207065050e-01
-2.489497099466628782e-01
-2.462167852927384937e-01
-2.433000724316287666e-01
-2.401949738159306624e-01
-2.365992923282042026e-01
-2.324397999844164397e-01
-2.279977534601246580e-01
-2.234025386134889934e-01
-2.183947146455210986e-01
-2.127914013863133058e-01
-2.068172308066892340e-01
-2.006930539417576542e-01
-1.942291421228482251e-01
-1.871759943110492264e-01
-1.796900554974642239e-01
-1.720444877666552630e-01
-1.641192855562554342e-01
-1.556319058952757850e-01
-1.466793108906856435e-01
-1.375601366439156981e-01
-1.282097621684816224e-01
-1.183330640307652948e-01
-1.079855282486555934e-01
-9.747666751583469735e-02
-8.677728458745721796e-02
-7.558948513099583710e-02
-6.394814642731687371e-02
-5.216746890247648399e-02
-4.023249739090699328e-02
-2.784619117986601722e-02
-1.504377223255496006e-02
-2.141698874746432446e-03
1.088154357755921620e-02
2.432013527549393983e-02
3.811834906396233125e-02
5.196049418404200676e-02
6.589449661445229145e-02
8.020720551572742274e-02
9.480364294824830673e-02
1.093762676101722175e-01
1.240173274881637699e-01
1.389960233660706146e-01
1.541624057249892654e-01
1.692317059360246845e-01
1.843540318926640831e-01
1.997625559150618957e-01
2.152430179776442520e-01
2.305565624189379603e-01
2.459160114404609354e-01
2.614920436660033154e-01
2.770082626106275536e-01
2.923017569449530839e-01
3.076385444272297098e-01
3.230959005876239409e-01
3.383547341543959863e-01
3.533589909143044494e-01
3.683988330891866392e-01
3.834313301077046376e-01
3.981350583472385574e-01
4.125815393896754002e-01
4.270353719311199558e-01
4.413239121555327382e-01
4.551821339145037948e-01
4.688051533148392958e-01
4.823688959778833496e-01
4.955932538074606653e-01
5.083339217273242783e-01
5.208683282857162755e-01
5.332257554021516688e-01
5.450810762343537563e-01
5.564567682462816522e-01
5.676321674948967555e-01
5.784647445519220943e-01
5.886797915244367241e-01
5.984654682192219743e-01
6.080014884685441823e-01
6.170075292565410097e-01
6.253582218608475518e-01
6.333398361456857861e-01
6.409498196116394375e-01
6.478705222854505008e-01
6.541808427223159139e-01
6.601403654183277681e-01
6.655500817643447142e-01
6.701930947165781749e-01
6.743191828205884475e-01
6.780281031397419333e-01
6.810090452175486808e-01
6.832556375841459806e-01
6.850589823402015721e-01
6.862933661822546716e-01
6.866981257622345458e-01
6.864840653556985028e-01
6.858118531196980561e-01
6.843921368462809740e-01
6.821697956659588113e-01
6.794456337643347554e-01
6.761403305938383790e-01
6.719794530564291435e-01
6.671532086125890881e-01
6.618500343856508206e-01
6.557961371296946451e-01
6.489230549619828814e-01
6.415360279333566229e-01
6.335704604393112005e-01
6.247559807735266757e-01
6.152873070199236238e-01
6.053540091904245912e-01
5.946847571967862622e-01
5.832299686985139564e-01
5.712986753927795647e-01
5.588100455393535393e-01
5.455128418055007478e-01
5.316296895259402522e-01
5.173252050940458924e-01
5.023204102985645569e-01
4.866151748554050083e-01
4.705159739522685181e-01
4.538985009673108251e-01
4.365512906311600494e-01
4.187396941317125254e-01
4.005734128809468886e-01
3.817674884845966843e-01
3.623995175596843588e-01
3.427533439887660571e-01
3.226431216326232088e-01
3.019277992540816413e-01
2.809134129097546895e-01
2.596220099269943571e-01
2.377839590278112147e-01
2.155739214703768780e-01
1.932156006594109854e-01
1.704627401132140507e-01
1.472824067706199613e-01
1.239932929492565672e-01
1.005041493969400651e-01
7.660525023818989809e-02
5.256501113336851244e-02
2.849741231064843033e-02
4.128290268362096171e-03
-2.043662894552743942e-02
-4.492421330504098309e-02
-6.953841011080082180e-02
-9.436902568671397262e-02
-1.190961434916851941e-01
-1.437573380826897285e-01
-1.685854377585272734e-01
-1.933383099153493101e-01
-2.178656008232207064e-01
-2.424357228921336371e-01
-2.669696174728172777e-01
-2.911829993968592101e-01
-3.152654737397541651e-01
-3.393182523456982902e-01
-3.630242912065912986e-01
-3.864168678932206058e-01
-4.097274215006793119e-01
-4.327126883321937290e-01
-4.552330864752888728e-01
-4.775579311523621695e-01
-4.995919130419590459e-01
-5.210663719946049266e-01
-5.421897776365232069e-01
-5.630352831854505968e-01
-5.832884552789946442e-01
-6.030246708568783864e-01
-6.224516420224616153e-01
-6.413015309175517098e-01
-6.594905401757372720e-01
-6.772889505098665941e-01
-6.945481504329946709e-01
-7.110480734672445235e-01
-7.270367901286340917e-01
-7.425190428829684386e-01
-7.571985829010764446e-01
-7.712289179874312062e-01
-7.847586199609836166e-01
-7.974921440860216482e-01
-8.094465732703159944e-01
-8.208685130885472470e-01
-8.315350002501622484e-01
-8.413226949421711565e-01
-8.505097965079518874e-01
-8.589955275054116379e-01
-8.665467645734692415e-01
-8.734045739949749532e-01
-8.796084555330418997e-01
-8.848697343709182039e-01
-8.893374306193986278e-01
-8.931773932060514953e-01
-8.961084505651686349e-01
-8.981569866170092675e-01
-8.995759416285634691e-01
-9.001490880406449735e-01
-8.997775362337008254e-01
-8.987477681247088013e-01
-8.969493002185146002e-01
-8.941805731522617373e-01
-8.907059876741819648e-01
-8.865389889369990062e-01
-8.814159190609568428e-01
-8.755320986817893836e-01
-8.690197629762681508e-01
-8.616021749027303889e-01
-8.533745956273304234e-01
-8.445632569926828648e-01
-8.349262790188698435e-01
-8.244472695958676711e-01
-8.134085231768035662e-01
-8.016420510998691906e-01
-7.890271308572113229e-01
-7.758586987722504436e-01
-7.620676978625644526e-01
-7.474518523617953436e-01
-7.322771129451826067e-01
-7.165823367623377349e-01
-7.001166348243320625e-01
-6.830829454503873910e-01
-6.656216486702551949e-01
-6.474704222912157636e-01
-6.287465019309704806e-01
-6.096727983374592430e-01
-5.900114392692964449e-01
-5.697841355129504848e-01
-5.492687671010383355e-01
-5.282820655631711437e-01
-5.067528250385767707e-01
-4.849822326899435043e-01
-4.628631049323300162e-01
-4.402444159929387313e-01
-4.174191134600737652e-01
-3.943675340422662101e-01
-3.708795375111563208e-01
-3.472118749965208973e-01
-3.234338375181341485e-01
-2.993012233755885654e-01
-2.750126799368631803e-01
-2.507190440052201597e-01
-2.261682823269025033e-01
-2.014864492957086917e-01
-1.768915790600923688e-01
-1.521484798551101525e-01
-1.273038960685843046e-01
-1.026240459615739981e-01
-7.791160756328290027e-02
-5.313458887951155729e-02
-2.858603753607129663e-02
-4.122525966887540666e-03
2.035989630799903485e-02
4.456292723483640944e-02
6.856572812654057603e-02
9.253267629980628517e-02
1.161802573856197812e-01
1.395186774150236064e-01
1.627580498800662301e-01
1.856468590600009461e-01
2.081268932490615842e-01
2.304377113593941984e-01
2.523733512299586867e-01
2.738121534100416143e-01
2.950066229549753172e-01
3.158058663443013003e-01
3.360331908086459096e-01
3.559384814473020020e-01
3.754313801053204558e-01
3.942909636054724443e-01
4.127507173350624115e-01
4.307825200961526435e-01
4.481333861426232690e-01
4.650089692318412071e-01
4.814418084628627192e-01
4.971594692568815366e-01
5.123309823024086995e-01
5.270452995626035975e-01
5.410228277815093412e-01
5.543898868380475742e-01
5.672855796061780920e-01
5.794345221990214734e-01
5.909168213123974223e-01
6.019141019434696149e-01
6.121652104166012132e-01
6.217028731441606171e-01
6.307428387753344357e-01
6.390465944750081118e-01
6.466003196523231189e-01
6.536452376708505874e-01
6.599721556626724217e-01
6.655231610918865837e-01
6.705564792210801928e-01
6.748971799805733029e-01
6.784469470106083699e-01
6.814730403354340993e-01
6.838380841709902347e-01
6.854079063115863235e-01
6.864515759341131007e-01
6.868710605497669874e-01
6.865014002135498838e-01
6.856071399550996981e-01
6.841300666167369204e-01
6.818797256644286708e-01
6.791107745270833496e-01
6.758041927985635189e-01
6.717493045951613562e-01
6.671865037203789095e-01
6.621344486289690856e-01
6.563673016245249459e-01
6.501077753507241708e-01
6.434100141141894103e-01
6.360377193758208758e-01
6.281934007651109875e-01
6.199640088867370835e-01
6.111070263850071349e-01
6.018030482907469336e-01
5.921688369416996389e-01
5.819593776164849741e-01
5.713323509995362759e-01
5.604311692061854089e-01
5.490114918135904354e-01
5.372076935695579980e-01
5.251866298544740630e-01
5.127072532629126655e-01
4.998807462737299145e-01
4.868942551244629380e-01
4.735121080863320953e-01
4.598228166388971805e-01
4.460307958085245050e-01
4.319073278710653385e-01
4.175190932710846070e-01
4.030849411154807105e-01
3.883842251738388596e-01
3.734628778264160176e-01
3.585515790882687348e-01
3.434384667347610276e-01
3.281499934523881556e-01
3.129263326851025040e-01
2.975647692592279792e-01
2.820736637955758019e-01
2.667005888642440259e-01
2.512519764240515041e-01
2.357194693156918486e-01
2.203561069667119010e-01
2.049771127606391519e-01
1.895587668663503977e-01
1.743579161173861580e-01
1.591981149737242696e-01
1.440418708602547171e-01
1.291487282358720345e-01
1.143501552925667436e-01
9.959634364312362764e-02
8.514808361929997182e-02
7.084348696918599253e-02
5.662166931581096019e-02
4.274418848413721189e-02
2.905564780419962051e-02
1.548569635102161474e-02
2.295164688652236509e-03
-1.066697862849903984e-02
-2.347947427353461528e-02
-3.588158729761681959e-02
-4.801937397036564609e-02
-5.997841505142931240e-02
-7.150029481253564190e-02
-8.272945366511530452e-02
-9.375743046211347520e-02
-1.043261014169670764e-01
-1.145762838584999943e-01
-1.246035779775394453e-01
-1.341532613896166404e-01
-1.433676264697157088e-01
-1.523463856529146399e-01
-1.608352397738796180e-01
-1.689739974404755041e-01
-1.768630501357063844e-01
-1.842516541543834097e-01
-1.912841167747675042e-01
-1.980638845220566158e-01
-2.043415607163960312e-01
-2.102605230883401455e-01
-2.159210696875208391e-01
-2.210760091979875885e-01
-2.258746574338600377e-01
-2.304190930747764265e-01
-2.344659040066247035e-01
-2.381671103382560217e-01
-2.416189347423626232e-01
-2.445780259368532661e-01
-2.472014183161219680e-01
-2.495834814690034431e-01
-2.514857489304672677e-01
-2.530721185589462352e-01
-2.544317366955566873e-01
-2.553277817741376743e-01
-2.559285777065715139e-01
-2.563158572750918185e-01
-2.562568537441874961e-01
-2.559276218566959860e-01
-2.554012375089866893e-01
-2.544484865515108107e-01
-2.532564835366117872e-01
-2.518914358971279244e-01
-2.501222149620714874e-01
-2.481380027961042900e-01
-2.460019802083101559e-01
-2.434964826751416511e-01
-2.408108233882673699e-01
-2.379860393461596113e-01
-2.348165134120140662e-01
-2.315082203508258274e-01
-2.280840124367643496e-01
-2.243408627798046950e-01
-2.204982994369329152e-01
-2.165643721719254788e-01
-2.123369384686080996e-01
-2.080458986885330708e-01
-2.036900564159837279e-01
-1.990725656886859207e-01
-1.944256861187585728e-01
-1.897343066915627985e-01
-1.848145269374708577e-01
-1.799038637615447134e-01
-1.749679232512503790e-01
-1.698339346046597031e-01
-1.647465305299879723e-01
-1.596534554496897296e-01
-1.543914683940203203e-01
-1.492090333722820850e-01
-1.440397436886723115e-01
-1.387347427871138961e-01
-1.335408429056274271e-01
-1.283734191803937996e-01
-1.231017936295287496e-01
-1.179714343673630705e-01
-1.128789475019349592e-01
-1.077138318362596547e-01
-1.027175198547789214e-01
-9.776593770129020367e-02
-9.277181564331576924e-02
-8.797314685435828063e-02
-8.322429288979477091e-02
-7.846092231509096959e-02
-7.391694948235544294e-02
-6.942633233619384392e-02
-6.494535149187516399e-02
-6.069966849876839987e-02
-5.650786538221398703e-02
-5.235219209131049267e-02
-4.844740905002683368e-02
-4.459519064341355143e-02
-4.080111362488981347e-02
-3.726597626181638034e-02
-3.378118830253551419e-02
-3.037926625086304414e-02
-2.723903117069614160e-02
-2.413688698041837125e-02
-2.113454995730163280e-02
-1.839624510435052332e-02
-1.569177626186428476e-02
-1.310573401240060915e-02
-1.077548833915488793e-02
-8.465141390849799385e-03
-6.285962169757610719e-03
-4.351958789145331935e-03
-2.428636626571164386e-03
-6.500254716616370859e-04
9.014656507651032120e-04
2.456117104188011799e-03
3.855508216249184904e-03
5.048843868875620665e-03
6.256675868941327483e-03
7.295708160448820603e-03
8.150131401697248076e-03
9.035774626337140028e-03
9.751135229252650902e-03
1.030527818185228428e-02
1.089524352952645110e-02
1.131132616237783516e-02
1.159574690846200580e-02
1.191893557056393146e-02
1.206555448819506340e-02
1.211756374376227012e-02
1.221495596699581111e-02
1.213145076333756178e-02
1.198371409541207008e-02
1.188562729092201842e-02
1.161179283856620358e-02
1.130795210430407538e-02
1.105178424234338694e-02
1.062379828348179907e-02
1.020155270251129481e-02
9.826971242924135985e-03
9.287217770522888938e-03
8.783554379612038693e-03
8.325368305641546451e-03
7.716310814325436605e-03
7.171327734419580616e-03
6.663895062470426810e-03
6.025114914559541630e-03
5.478534801545331158e-03
4.956321838181460514e-03
4.321252795899270353e-03
3.801589420337883173e-03
3.289846537792752955e-03
2.687808557086248523e-03
2.228443042108622669e-03
1.767913616713694515e-03
1.240159689315408582e-03
8.656042231868477620e-04
4.706773395617613789e-04
3.560213308955459746e-05
-2.324354915326354689e-04
-5.392105072145406955e-04
-8.710837205410267275e-04
-1.038176964018628842e-03
-1.247204070977118735e-03
-1.438060134121553826e-03
-1.467445718976527784e-03
-1.569418782510806094e-03
-1.646395467018337781e-03
-1.585997998743269959e-03
-1.620239903420403037e-03
-1.617748400673039468e-03
-1.514234788583838139e-03
-1.532873445531493994e-03
-1.499387387297018920e-03
-1.391809742413818935e-03
-1.432930298150179903e-03
-1.432451701436077141e-03
-1.385892997253572153e-03
-1.449339368002732463e-03
-1.417895356261158341e-03
-1.364990976126813447e-03
-1.412586790241910500e-03
-1.330505961849703890e-03
-1.262233362306299086e-03
-1.328963783349678806e-03
-1.281383500535294507e-03
-1.247959330851761660e-03
-1.298463531106181521e-03
-1.228918546006150516e-03
-1.206280715006734054e-03
-1.232083547521646864e-03
-1.131562140870480014e-03
-1.128640180291870607e-03
-1.176878702548274239e-03
-1.088287672341061579e-03
-1.077969923004390819e-03
-1.091512398719279159e-03
-1.014762444816101703e-03
-1.036429182568309165e-03
-1.023480214565183769e-03
-9.270598432435232274e-04
-9.577296548984226467e-04
-9.359680608017205590e-04
-8.436214535135935604e-04
-8.770702674403793890e-04
-8.376167390367734132e-04
-7.535862439594482286e-04
-7.863611969992547607e-04
-7.208363919842091785e-04
-6.403544898067010461e-04
-6.729403637339362180e-04
-5.922579996756430513e-04
-5.157379145540566708e-04
-5.270292307017265332e-04
-4.174814760879733350e-04
-3.482272129810678931e-04
-3.472053024284972372e-04
-2.150487153010021779e-04
-1.429830770127949141e-04
-1.172230226635811480e-04
3.243765282551368712e-05
1.061638503348694054e-04
1.654884747160826177e-04
3.336499424400198944e-04
4.100988230625180050e-04
5.056696338325018239e-04
6.883973105799721026e-04
7.638285435607035335e-04
8.859998297589095299e-04
1.065172685004146585e-03
1.126093924837487945e-03
