0.000000000000000000e+00
0.000000000000000000e+00
0.000000000000000000e+00
0.000000000000000000e+00
-1.238025536022932129e-68
-3.550235369017542135e-66
-5.062766561074215675e-64
-4.786715390482808501e-62
-3.375478156289580009e-60
-1.893589129048972555e-58
-8.802241018805900184e-57
-3.487123152696726434e-55
-1.201813724148544011e-53
-3.660296135943245252e-52
-9.974080226481222015e-51
-2.456091934259732382e-49
-5.510712715941455627e-48
-1.134384462587513513e-46
-2.155015404039533690e-45
-3.797254604254541617e-44
-6.233360351396226727e-43
-9.569217560870942877e-42
-1.378496306289256049e-40
-1.869043527857617474e-39
-2.391601917137771341e-38
-2.895120302170993533e-37
-3.322791464557843072e-36
-3.622932177615529106e-35
-3.759433617255705438e-34
-3.718827846441931843e-33
-3.512103018729240645e-32
-3.171088941334393083e-31
-2.740843123176830273e-30
-2.270419199175891561e-29
-1.804457859424690598e-28
-1.377348291209799200e-27
-1.010654318145930947e-26
-7.135091863550125512e-26
-4.850471826122828657e-25
-3.177463746676760410e-24
-2.007203108122054299e-23
-1.223480003832511160e-22
-7.200428088685075205e-22
-4.093721584265141022e-21
-2.249584183420546200e-20
-1.195416810580956784e-19
-6.145589056874750280e-19
-3.057835347295070465e-18
-1.473115046638835104e-17
-6.873589663697300094e-17
-3.107381965386272703e-16
-1.361436343069921395e-15
-5.782391400794684491e-15
-2.381383994113549393e-14
-9.511661311595487930e-14
-3.685280945854501024e-13
-1.385299313540778368e-12
-5.052848815770302923e-12
-1.788541216913336475e-11
-6.144284178646856814e-11
-2.048719242989651859e-10
-6.630569409441899632e-10
-2.082974680096189170e-09
-6.351531259424450744e-09
-1.879833312096399194e-08
-5.399831484580185669e-08
-1.505298040634346041e-07
-4.071881750537551784e-07
-1.068646557526780624e-06
-2.720580275792941812e-06
-6.717155938459326353e-06
-1.608046353059926488e-05
-3.731451782909789511e-05
-8.390412515295585802e-05
-1.827499694897183856e-04
-3.854104006652693927e-04
-7.866573931791763508e-04
-1.553200198003226902e-03
-2.964909225680652932e-03
-5.468635669830520379e-03
-9.739828031613816453e-03
-1.673905604475185022e-02
-2.773998926381252353e-02
-4.429537680321001675e-02
-6.810415029649746765e-02
-1.007542209071310146e-01
-1.433493197807416131e-01
-1.960850953807467267e-01
-2.579066993869287838e-01
-3.264268478282694175e-01
-3.982674879680757063e-01
-4.698748754594609944e-01
-5.386501273316259830e-01
-6.040027069855500308e-01
-6.678028043581005768e-01
-7.338208269843969900e-01
-8.061527575089209030e-01
-8.872136675979704901e-01
-9.763232907596719468e-01
-1.069840742951111645e+00
-1.163072392282860523e+00
-1.253057438766899123e+00
-1.340525625618989025e+00
-1.429541635923163190e+00
-1.524751263827878400e+00
-1.627949138036634658e+00
-1.736524008437287492e+00
-1.845247095798459247e+00
-1.950318703855399738e+00
-2.052495192558760895e+00
-2.156480758366971617e+00
-2.266765084139003683e+00
-2.383400883467519993e+00
-2.501692283213246881e+00
-2.616421802800148022e+00
-2.726804124479361491e+00
-2.837219921809395196e+00
-2.952665690915567520e+00
-3.073345161210446541e+00
-3.194158130139042040e+00
-3.309960259883682809e+00
-3.421076416606022796e+00
-3.532815877549242867e+00
-3.649210611219131817e+00
-3.768028097413226529e+00
-3.883089192393376354e+00
-3.991444839721916438e+00
-4.096795698840613120e+00
-4.204696953816507765e+00
-4.315267284295393857e+00
-4.422685265490239992e+00
-4.522418424552350658e+00
-4.616936106010415486e+00
-4.712189484201730671e+00
-4.809283080368012442e+00
-4.902601830075372646e+00
-4.987229591179483279e+00
-5.065550007490073448e+00
-5.143614951192983398e+00
-5.222168291964154108e+00
-5.295201174083489448e+00
-5.358392659756971987e+00
-5.415209802059574251e+00
-5.471460142449597441e+00
-5.526213207551812445e+00
-5.572857224512262952e+00
-5.608932484662071616e+00
-5.639674277829377580e+00
-5.669548213950321269e+00
-5.694882266851701402e+00
-5.709382875470542018e+00
-5.713956650194619513e+00
-5.714999968921506301e+00
-5.713700695039570121e+00
-5.703791666011339245e+00
-5.681663371279930708e+00
-5.652169127383259273e+00
-5.620255019678009667e+00
-5.582347691571253101e+00
-5.532215776592496859e+00
-5.471484117616405740e+00
-5.406668276258409733e+00
-5.337666084798454058e+00
-5.257762051737874920e+00
-5.165328888542582320e+00
-5.066616743558323144e+00
-4.964500858077546042e+00
-4.853215881011589516e+00
-4.728697808584738205e+00
-4.595938462370869892e+00
-4.459845643150174510e+00
-4.316203158285522257e+00
-4.159466540245537303e+00
-3.993112344388083379e+00
-3.823210839258991189e+00
-3.647095234583456413e+00
-3.458486797672819080e+00
-3.259540242015236622e+00
-3.056891925420324174e+00
-2.849105825966256500e+00
-2.629623645128126519e+00
-2.399678405525677238e+00
-2.166148167018546733e+00
-1.928384101943494411e+00
-1.679766336244357117e+00
-1.421069920607040515e+00
-1.159277086721687500e+00
-8.940554975757075695e-01
-6.188042484414706390e-01
-3.343060496123353986e-01
-4.759330832770142239e-02
2.418120795013178892e-01
5.404474505665358697e-01
8.470744236436086316e-01
1.154677648534259582e+00
1.464322146987819373e+00
1.782382344793951523e+00
2.106747621072198484e+00
2.430583724670490664e+00
2.755940610848076844e+00
3.088800519246019061e+00
3.425831238333108431e+00
3.760704576356109996e+00
4.096756264281429694e+00
4.439167909223611375e+00
4.783178177280994703e+00
5.123479164865291757e+00
5.464800254232468291e+00
5.810934303688973124e+00
6.155739169125060251e+00
6.495594598776712303e+00
6.836412098382867342e+00
7.179908901947194444e+00
7.518994092319875477e+00
7.852422020317849416e+00
8.186640735315243944e+00
8.520696224615639025e+00
8.847445741049746459e+00
9.168478653103900200e+00
9.489674931802641211e+00
9.807198047900710591e+00
1.011515853143340493e+01
1.041789229588530752e+01
1.071930879950851967e+01
1.101318341794355860e+01
1.129630937171830851e+01
1.157485173968258607e+01
1.184946123115893890e+01
1.211291280520787339e+01
1.236570596102848718e+01
1.261404816655328354e+01
1.285477210115383961e+01
1.308177314498744970e+01
1.329923262709378129e+01
1.351114418818982976e+01
1.371127842792308549e+01
1.389684937468547155e+01
1.407421858101520229e+01
1.424332932470306723e+01
1.439712271745446692e+01
1.453735206049593920e+01
1.466978589818508460e+01
1.479000181698545013e+01
1.489317988259062275e+01
1.498487072934641873e+01
1.506729118088314578e+01
1.513353433816772409e+01
1.518345861298099742e+01
1.522353294089332643e+01
1.525096369293898313e+01
1.525995835027188008e+01
1.525520145234883174e+01
1.524026340265995572e+01
1.520871415213958322e+01
1.515932879257685428e+01
1.509879186142963547e+01
1.502534067986304933e+01
1.493287673458730680e+01
1.482562685805752700e+01
1.470777854190333755e+01
1.457324749177100109e+01
1.442051233248850650e+01
1.425635617629682450e+01
1.407934356531808540e+01
1.388346623941174762e+01
1.367305126710944663e+01
1.345231131534279534e+01
1.321521682659524544e+01
1.296066597107810203e+01
1.269552611983957568e+01
1.241800101198564121e+01
1.212250759567776193e+01
1.181399310057640228e+01
1.149611566875653956e+01
1.116267578441252795e+01
1.081367055234232488e+01
1.045591053227261291e+01
1.008663335482910739e+01
9.701139791803573331e+00
9.305326536260267289e+00
8.901631397354350383e+00
8.483721966324393904e+00
8.053322612437405326e+00
7.616740977528106527e+00
7.169847147391651632e+00
6.709506650090713009e+00
6.242520286883465275e+00
5.769377998377675176e+00
5.284087978395793250e+00
4.790531588230615867e+00
4.293680014653589616e+00
3.788060891404771091e+00
3.272942372680450518e+00
2.755406509983434393e+00
2.233425542154245491e+00
1.702338894182032991e+00
1.168111358519265508e+00
6.332758291255331518e-01
9.173978374138480607e-02
-4.541473099006361203e-01
-9.983158512231240511e-01
-1.545298002462253795e+00
-2.097089459704752024e+00
-2.646580966481892894e+00
-3.194607512948698602e+00
-3.746343061300572153e+00
-4.296406887007747422e+00
-4.841457796071606090e+00
-5.387460508714050356e+00
-5.932658166062597438e+00
-6.470733319930202398e+00
-7.005899416438942318e+00
-7.540405607682197697e+00
-8.067206471257566847e+00
-8.587041508738192164e+00
-9.105053811126204266e+00
-9.615837518493160374e+00
-1.011629081056194757e+01
-1.061239847005250247e+01
-1.110204251204354620e+01
-1.157925271099123243e+01
-1.204866172525608370e+01
-1.251189518189894123e+01
-1.296196567286658308e+01
-1.340054824126392141e+01
-1.383225871161024756e+01
-1.425114513150116302e+01
-1.465534533723858424e+01
-1.505086556688594079e+01
-1.543440334295545924e+01
-1.580106829927210654e+01
-1.615637311396965359e+01
-1.650042317517701562e+01
-1.682663517557932309e+01
-1.713842039972013964e+01
-1.743908044357509368e+01
-1.772204764634692964e+01
-1.798770162819497287e+01
-1.824152251295611293e+01
-1.847855556069513483e+01
-1.869605988623129633e+01
-1.890021769588501499e+01
-1.908878948730647807e+01
-1.925659473179632997e+01
-1.940899043402156465e+01
-1.954685431018441832e+01
-1.966377123866965348e+01
-1.976305251370063232e+01
-1.984838314911914736e+01
-1.991351394026379396e+01
-1.995902958293667595e+01
-1.999054842263214482e+01
-2.000326169886727001e+01
-1.999496701610329197e+01
-1.997202510723720081e+01
-1.993197554192506615e+01
-1.987033540853679270e+01
-1.979297858452031633e+01
-1.970020436018089427e+01
-1.958615643127666672e+01
-1.945518041854511182e+01
-1.931022124155147068e+01
-1.914513326025766560e+01
-1.896203303655954642e+01
-1.876594815699565189e+01
-1.855151377918117817e+01
-1.831838642145969942e+01
-1.807285564885088291e+01
-1.781118652085776688e+01
-1.753068404956706772e+01
-1.723789996440358152e+01
-1.693131052676864101e+01
-1.660642739948346147e+01
-1.626915278641767415e+01
-1.592033927989388964e+01
-1.555441118833973668e+01
-1.517588414680392184e+01
-1.478787374719037295e+01
-1.438453003564633192e+01
-1.396843888412175971e+01
-1.354456515745171785e+01
-1.310766416556380420e+01
-1.265824238025519222e+01
-1.220243791785026666e+01
-1.173610503991873344e+01
-1.125763928140636239e+01
-1.077381654374361375e+01
-1.028235909081581845e+01
-9.779873206035869515e+00
-9.272698641843652112e+00
-8.760348713459872982e+00
-8.238347514412163619e+00
-7.712550647373650037e+00
-7.184321652041765205e+00
-6.647987230160946837e+00
-6.108092466955248767e+00
-5.568324348342763130e+00
-5.023002554346417625e+00
-4.474506740598482857e+00
-3.927731064750813239e+00
-3.377961462057760933e+00
-2.826171612253455923e+00
-2.277674627970475818e+00
-1.728234673656278808e+00
-1.177810777619098026e+00
-6.326065782113210467e-01
-8.875952696552791288e-02
4.555129870700895811e-01
9.930049128939528735e-01
1.526235508587022061e+00
2.059206136783594765e+00
2.584679579315066977e+00
3.102885700863484697e+00
3.619472083628693770e+00
4.128423774426940085e+00
4.627626099055166975e+00
5.123226070790775744e+00
5.611093308515728850e+00
6.087454795451525236e+00
6.558015815127824943e+00
7.020460038168616634e+00
7.470191420002017857e+00
7.912107970981600680e+00
8.345279476947244035e+00
8.764769208871728168e+00
9.174666259121130096e+00
9.575148463037718827e+00
9.961202624332265998e+00
1.033606399015688027e+01
1.070075253764848888e+01
1.105050348861162490e+01
1.138783204889143086e+01
1.171416663004189118e+01
1.202498101137320496e+01
1.232247096343535198e+01
1.260848546631482847e+01
1.287845393348528589e+01
1.313415627180565259e+01
1.337803131140308288e+01
1.360563249442488676e+01
1.381825171700325150e+01
1.401879091048312809e+01
1.420291426469778528e+01
1.437141010096462068e+01
1.452774666548521587e+01
1.466786337188592348e+01
1.479187708494990794e+01
1.490361934388380227e+01
1.499946505031231148e+01
1.507895479337110345e+01
1.514621799104415878e+01
1.519813633578055700e+01
1.523359768506756495e+01
1.525686576102071434e+01
1.526549930977533087e+01
1.525782816636391281e+01
1.523808142399887089e+01
1.520455391297516101e+01
1.515509279235308249e+01
1.509373226249471678e+01
1.501952099970446319e+01
1.492991473342031128e+01
1.482869067267974650e+01
1.471572306939410701e+01
1.458810079401586002e+01
1.444914787910825993e+01
1.429959341271222506e+01
1.413631886436877316e+01
1.396211833566169069e+01
1.377852870250062800e+01
1.358229006778598880e+01
1.337563285702947979e+01
1.316086619657182410e+01
1.293458210139477060e+01
1.269842748724106585e+01
1.245554855889688284e+01
1.220242553486932380e+01
1.194003355975955749e+01
1.167231897923807615e+01
1.139570419215225705e+01
1.111049373139358920e+01
1.082136551282750325e+01
1.052469867497194400e+01
1.022022368937110315e+01
9.913301761705129778e+00
9.600171186694090864e+00
9.280049664433249745e+00
8.958986333959929382e+00
8.633020602881259720e+00
8.300909040533120731e+00
7.969366496683502277e+00
7.634227124269583165e+00
7.293859685740257781e+00
6.955506266032656981e+00
6.614776061152790376e+00
6.269834043916110211e+00
5.928291316467700689e+00
5.585459833573164445e+00
5.239533308366851827e+00
4.898365073530522196e+00
4.556862414701470243e+00
4.213417261895221699e+00
3.876025088974592858e+00
3.539164649683626873e+00
3.201513126872640669e+00
2.871060331858677372e+00
2.541980504360847881e+00
2.213310007235715471e+00
1.892774362766127760e+00
1.574410719789084423e+00
1.257693816479894977e+00
9.498140964805057429e-01
6.448599537595176567e-01
3.427867345455012371e-01
5.004659026276081502e-02
-2.390100078447505161e-01
-5.240235852164580876e-01
-7.994196511210620582e-01
-1.070340845321457346e+00
-1.336185665332752626e+00
-1.592310959482961197e+00
-1.843150466034829016e+00
-2.088098146047345338e+00
-2.323313138727431060e+00
-2.552366222029527343e+00
-2.775016570942980376e+00
-2.987989603347809719e+00
-3.193872068618336169e+00
-3.393151804930154558e+00
-3.582829248718431892e+00
-3.764528929171549798e+00
-3.939723594404441087e+00
-4.105310465404355291e+00
-4.262158217618973843e+00
-4.412867872833686533e+00
-4.553835921190374947e+00
-4.685530614017477724e+00
-4.811643916096940643e+00
-4.927742259258708124e+00
-5.034374183300596606e+00
-5.136060119812722036e+00
-5.227313072078956679e+00
-5.309306075492439270e+00
-5.386968130418470224e+00
-5.453708757056335621e+00
-5.511790132740425285e+00
-5.566022506246719459e+00
-5.608907469395660428e+00
-5.644092338796765418e+00
-5.675692844734135711e+00
-5.695700726007955517e+00
-5.709204444859315331e+00
-5.719149878675537479e+00
-5.717574637794280434e+00
-5.710768839555150578e+00
-5.700217147906023740e+00
-5.678617746743303663e+00
-5.652984926173458824e+00
-5.623318544093627303e+00
-5.583489518807408736e+00
-5.540585812289633871e+00
-5.493392103727096298e+00
-5.437263478778749715e+00
-5.378708574879556892e+00
-5.315801671409842832e+00
-5.245362318761872977e+00
-5.172817509993754115e+00
-5.096202802994036496e+00
-5.013464332660060307e+00
-4.928697492184907603e+00
-4.840514884562373332e+00
-4.747402982638487146e+00
-4.652277533334554960e+00
-4.554757038890990373e+00
-4.453126507648082821e+00
-4.349598189717132080e+00
-4.244924305804301135e+00
-4.136558050804853615e+00
-4.026714376170272836e+00
-3.916980336320561751e+00
-3.803597607593462993e+00
-3.689570876488171169e+00
-3.576702290504754078e+00
-3.460023909648169749e+00
-3.343935683911166024e+00
-3.229641223296950248e+00
-3.111398487126143309e+00
-2.995265149967635043e+00
-2.881059142624720515e+00
-2.763029756006733173e+00
-2.648690124506179355e+00
-2.535919015125971399e+00
-2.419861581168478715e+00
-2.308885737518391323e+00
-2.198811695393630750e+00
-2.086437108130097862e+00
-1.980082512319784049e+00
-1.873893239911416986e+00
-1.766760294301490397e+00
-1.666020999459875807e+00
-1.564900883503098195e+00
-1.464323295293341820e+00
-1.369953088718665946e+00
-1.275051155667159541e+00
-1.182028467367073787e+00
-1.094630250770158408e+00
-1.007016083564076236e+00
-9.222062422530035164e-01
-8.422897625936022203e-01
-7.628462698931106623e-01
-6.866015295154480613e-01
-6.146733805988481292e-01
-5.440246046224822551e-01
-4.764326576796670265e-01
-4.129632203056229911e-01
-3.514140140584018357e-01
-2.924194797106325350e-01
-2.377972971449645034e-01
-1.853057295956166695e-01
-1.347948803781498228e-01
-8.923215882920734754e-02
-4.545200107390989785e-02
-3.336811662296934600e-03
3.319411714017675430e-02
6.882810359489698049e-02
1.026387467525534947e-01
1.304790599322646349e-01
1.586134273416052731e-01
1.842483210066705457e-01
2.040603179153979707e-01
2.253278580116454266e-01
2.430542842529289926e-01
2.557628660932576570e-01
2.707054464258801807e-01
2.809953537619841457e-01
2.876614801062240545e-01
2.967473802352559309e-01
3.003564571274192074e-01
3.020450395778332964e-01
3.057139748169387383e-01
3.036559384640926118e-01
3.013223237086138928e-01
3.000978026196808868e-01
2.935789592567359385e-01
2.880127191400367881e-01
2.825727988573215610e-01
2.728322078775991533e-01
2.646684629367626052e-01
2.559126954676468335e-01
2.441013014030506967e-01
2.338987563668291358e-01
2.229002924390854901e-01
2.099576838522816125e-01
1.983064886182830389e-01
1.862285730080688873e-01
1.728690328915230001e-01
1.604778283821020890e-01
1.483967082034634566e-01
1.351258238978106097e-01
1.228570460748725918e-01
1.116500104312193875e-01
9.888125925410772010e-02
8.768924039611161736e-02
7.793668367222360283e-02
6.609802479066106962e-02
5.690153715001174811e-02
4.890479709002031050e-02
3.854248786134149840e-02
3.206420346585573539e-02
2.589373974641434248e-02
1.765297053118493678e-02
1.428971074614377064e-02
9.897994820978929173e-03
4.389217973046946782e-03
4.088076927876489568e-03
1.320432459319684140e-03
-1.217211527009107522e-03
8.263641133920101960e-04
-7.990294250096593390e-04
-9.453694340549590163e-04
1.898538745608431945e-03
3.955614099649988006e-04
1.202634553420470643e-03
3.064924334107966240e-03
9.004712481857409662e-04
1.670496306947071323e-03
2.205124754160929165e-03
1.042465755512473995e-04
1.239964296199151010e-03
1.485177081091335755e-03
3.692315733484757140e-04
1.760080163177881818e-03
1.736434314520519029e-03
8.994585375264596561e-04
1.636061635504002573e-03
1.340089435565404961e-03
6.901481152552698664e-04
1.308095761044997859e-03
1.524617560005945942e-03
9.768304045320703143e-04
1.464509414105962101e-03
1.681615261242598754e-03
6.119267054430744483e-04
1.311345753107462462e-03
1.686148303037574361e-03
4.957661327478640485e-04
1.775377440560533659e-03
1.681068758158818684e-03
2.064836007113475622e-04
1.964318850840781130e-03
1.296922897093751113e-03
2.923338881987396897e-04
2.457425886812471608e-03
8.886669441752635592e-04
4.365599279835217779e-04
2.488568048286511104e-03
3.766778636772245316e-04
9.917514069632889402e-04
2.499490385056929095e-03
2.821745362259400064e-06
1.422413959082687810e-03
2.094194647167508562e-03
-5.450994453221622363e-05
1.984982653287568725e-03
1.623427524232600458e-03
2.347071418162404062e-05
2.173802330722215959e-03
1.170880717597673135e-03
4.558552902770334403e-04
2.200653137703388086e-03
7.642366042917769428e-04
7.840408259006551115e-04
2.041782148448136828e-03
7.256701024242458251e-04
1.083258109338671935e-03
1.715531703142008334e-03
7.534800725649960611e-04
1.226197572279339419e-03
1.592446384751295459e-03
8.907809528508265403e-04
