0.000000000000000000e+00
0.000000000000000000e+00
0.000000000000000000e+00
0.000000000000000000e+00
-2.476051072045854478e-69
-7.100470738035061868e-67
-1.012553312214839492e-64
-9.573430780965602753e-63
-6.750956312579145648e-61
-3.787178258097943340e-59
-1.760448203761176358e-57
-6.974246305393430229e-56
-2.403627448297082227e-54
-7.320592271886472144e-53
-1.994816045296242919e-51
-4.912183868519458686e-50
-1.102142543188290244e-48
-2.268768925175027706e-47
-4.310030808079071581e-46
-7.594509208509092941e-45
-1.246672070279247018e-43
-1.913843512174189021e-42
-2.756992612578509752e-41
-3.738087055715227117e-40
-4.783203834275540595e-39
-5.790240604341985604e-38
-6.645582929115687648e-37
-7.245864355231057945e-36
-7.518867234511410662e-35
-7.437655692883859067e-34
-7.024206037458477184e-33
-6.342177882668792954e-32
-5.481686246353666851e-31
-4.540838398351785364e-30
-3.608915718849382093e-29
-2.754696582419599476e-28
-2.021308636291863473e-27
-1.427018372710027743e-26
-9.700943652245663742e-26
-6.354927493353530003e-25
-4.014406216244115945e-24
-2.446960007665024318e-23
-1.440085617737016922e-22
-8.187443168530294834e-22
-4.499168366841098117e-21
-2.390833621161916576e-20
-1.229117811374952030e-19
-6.115670694590152292e-19
-2.946230093277679607e-18
-1.374717932739464271e-17
-6.214763930772563649e-17
-2.722872686139851270e-16
-1.156478280158939422e-15
-4.762767988227107937e-15
-1.902332262319100741e-14
-7.370561891709009620e-14
-2.770598627081560876e-13
-1.010569763154062241e-12
-3.577082433826676828e-12
-1.228856835729372268e-11
-4.097438485979306691e-11
-1.326113881888381167e-10
-4.165949360192382166e-10
-1.270306251884891679e-09
-3.759666624192805171e-09
-1.079966296916038821e-08
-3.010596081268695127e-08
-8.143763501075111508e-08
-2.137293115053563313e-07
-5.441160551585891459e-07
-1.343431187691867600e-06
-3.216092706119856873e-06
-7.462903565819587662e-06
-1.678082503059117635e-05
-3.654999389794367441e-05
-7.708208013305385686e-05
-1.573314786358353948e-04
-3.106400396006456731e-04
-5.929818451361301528e-04
-1.093727133966103035e-03
-1.947965606322762683e-03
-3.347811208950369610e-03
-5.547997852762501930e-03
-8.859075360641996411e-03
-1.362083005929948243e-02
-2.015084418142619113e-02
-2.866986395614830319e-02
-3.921701907614928706e-02
-5.158133987738566795e-02
-6.528536956565381133e-02
-7.965349759361510518e-02
-9.397497509189220444e-02
-1.077300254663252355e-01
-1.208005413971099673e-01
-1.335605608716200210e-01
-1.467641653968793369e-01
-1.612305515017840862e-01
-1.774427335195939426e-01
-1.952646581519341396e-01
-2.139681485902218683e-01
-2.326144784565719603e-01
-2.506114877533799357e-01
-2.681051251237979161e-01
-2.859083271846328822e-01
-3.049502527655758577e-01
-3.255898276073275754e-01
-3.473048016874585309e-01
-3.690494191596921936e-01
-3.900637407710798032e-01
-4.104990385117522900e-01
-4.312961516733944678e-01
-4.533530168278005479e-01
-4.766801766935032658e-01
-5.003384566426485325e-01
-5.232843605600290271e-01
-5.453608248958708993e-01
-5.674439843618770407e-01
-5.905331381831124826e-01
-6.146690322420893526e-01
-6.388316260278077419e-01
-6.619920519767356071e-01
-6.842152833212040708e-01
-7.065631755098483735e-01
-7.298421222438264966e-01
-7.536056194826451504e-01
-7.766178384786748268e-01
-7.982889679443833097e-01
-8.193591397681233568e-01
-8.409393907633041509e-01
-8.630534568590828570e-01
-8.845370530980499746e-01
-9.044836849104722631e-01
-9.233872212020866055e-01
-9.424378968403482881e-01
-9.618566160736031767e-01
-9.805203660150748624e-01
-9.974459182358953457e-01
-1.013110001498012558e+00
-1.028722990238596369e+00
-1.044433658392832198e+00
-1.059040234816699400e+00
-1.071678531951396618e+00
-1.083041960411917248e+00
-1.094292028489919355e+00
-1.105242641510361779e+00
-1.114571444902450192e+00
-1.121786496932411392e+00
-1.127934855565874361e+00
-1.133909642790063232e+00
-1.138976453370339259e+00
-1.141876575094107560e+00
-1.142791330038924302e+00
-1.142999993784302948e+00
-1.142740139007913491e+00
-1.140758333202267494e+00
-1.136332674255988273e+00
-1.130433825476652832e+00
-1.124051003935599979e+00
-1.116469538314246668e+00
-1.106443155318497906e+00
-1.094296823523282614e+00
-1.081333655251682124e+00
-1.067533216959689168e+00
-1.051552410347572852e+00
-1.033065777708514599e+00
-1.013323348711663296e+00
-9.929001716155057000e-01
-9.706431762023168819e-01
-9.457395617169496171e-01
-9.191876924741720911e-01
-8.919691286300344135e-01
-8.632406316571072935e-01
-8.318933080491075494e-01
-7.986224688776170089e-01
-7.646421678518009468e-01
-7.294190469166920154e-01
-6.916973595345624615e-01
-6.519080484030481681e-01
-6.113783850840656120e-01
-5.698211651932478805e-01
-5.259247290256218177e-01
-4.799356811051359029e-01
-4.332296334037096797e-01
-3.856768203886986046e-01
-3.359532672488690919e-01
-2.842139841214064155e-01
-2.318554173443419797e-01
-1.788110995151432903e-01
-1.237608496882906667e-01
-6.686120992246791239e-02
-9.518661665542750561e-03
4.836241590026343212e-02
1.080894901133080122e-01
1.694148847287227089e-01
2.309355297068495516e-01
2.928644293975632418e-01
3.564764689587932578e-01
4.213495242144384978e-01
4.861167449340975111e-01
5.511881221696168787e-01
6.177601038492021024e-01
6.851662476666213752e-01
7.521409152712227320e-01
8.193512528562840735e-01
8.878335818447229411e-01
9.566356354561973419e-01
1.024695832973054221e+00
1.092960050846492726e+00
1.162186860737792538e+00
1.231147833825009918e+00
1.299118919755342549e+00
1.367282419676570715e+00
1.435981780389435913e+00
1.503798818463977227e+00
1.570484404063572592e+00
1.637328147063048966e+00
1.704139244923125851e+00
1.769489148209947960e+00
1.833695730620779951e+00
1.897934986360527931e+00
1.961439609580139187e+00
2.023031706286679832e+00
2.083578459177063635e+00
2.143861759901702690e+00
2.202636683588711453e+00
2.259261874343662768e+00
2.314970347936514461e+00
2.369892246231787514e+00
2.422582561041575211e+00
2.473141192205695837e+00
2.522809633310658217e+00
2.570954420230764814e+00
2.616354628997485054e+00
2.659846525418759100e+00
2.702228837637973502e+00
2.742255685584625624e+00
2.779369874937100082e+00
2.814843716203045521e+00
2.848665864940620462e+00
2.879424543490892496e+00
2.907470412099189438e+00
2.933957179637020740e+00
2.958000363397085053e+00
2.978635976518120287e+00
2.996974145869279571e+00
3.013458236176629779e+00
3.026706867633547571e+00
3.036691722596198684e+00
3.044706588178669904e+00
3.050192738587797603e+00
3.051991670054370775e+00
3.051040290469768657e+00
3.048052680531990966e+00
3.041742830427912825e+00
3.031865758515375653e+00
3.019758372285929582e+00
3.005068135972608800e+00
2.986575346917461182e+00
2.965125371611501581e+00
2.941555708380667600e+00
2.914649498354197732e+00
2.884102466497696859e+00
2.851271235259365433e+00
2.815868713063611750e+00
2.776693247882343840e+00
2.734610253421889237e+00
2.690462263068559956e+00
2.643043365319056370e+00
2.592133194215622272e+00
2.539105223967911051e+00
2.483600202397129753e+00
2.424501519135553895e+00
2.362798620115283743e+00
2.299223133751315373e+00
2.232535156882506033e+00
2.162734110468463644e+00
2.091182106454518852e+00
2.017326670965819524e+00
1.940227958360723370e+00
1.861065307252058432e+00
1.780326279470864081e+00
1.696744393264874251e+00
1.610664522487481154e+00
1.523348195505622726e+00
1.433969429478329394e+00
1.341901330018138161e+00
1.248504057376688570e+00
1.153875599675531216e+00
1.056817595679157451e+00
9.581063176461241948e-01
8.587360029307180564e-01
7.576121782809521754e-01
6.545884745360859291e-01
5.510813019966890325e-01
4.466851084308547382e-01
3.404677788364022240e-01
2.336222717038479169e-01
1.266551658251100498e-01
1.834795674827885414e-02
-9.082946198012821493e-02
-1.996631702446223788e-01
-3.090596004924499596e-01
-4.194178919409526363e-01
-5.293161932963756922e-01
-6.389215025897371225e-01
-7.492686122601182053e-01
-8.592813774015477524e-01
-9.682915592143165329e-01
-1.077492101742814290e+00
-1.186531633212522197e+00
-1.294146663986039503e+00
-1.401179883287793748e+00
-1.508081121536444025e+00
-1.613441294251515057e+00
-1.717408301747643806e+00
-1.821010762225247159e+00
-1.923167503698637093e+00
-2.023258162112390401e+00
-2.122479694010498186e+00
-2.220408502408709239e+00
-2.315850542198245599e+00
-2.409732345051209368e+00
-2.502379036379783539e+00
-2.592393134573317770e+00
-2.680109648252787302e+00
-2.766451742322048268e+00
-2.850229026300232338e+00
-2.931069067447720666e+00
-3.010173113377186738e+00
-3.086880668591087229e+00
-3.160213659854418378e+00
-3.231274622793925744e+00
-3.300084635035410496e+00
-3.365327035115893484e+00
-3.427684079944130602e+00
-3.487816088715477214e+00
-3.544409529271219661e+00
-3.597540325645857795e+00
-3.648304502615767220e+00
-3.695711112222952899e+00
-3.739211977520757291e+00
-3.780043540035332938e+00
-3.817757900024058237e+00
-3.851318953659863542e+00
-3.881798106644326563e+00
-3.909370913480187060e+00
-3.932754374981853651e+00
-3.952610802752876129e+00
-3.969677303138003044e+00
-3.982704224734073595e+00
-3.991808829408923565e+00
-3.998115296126941054e+00
-4.000662613513969568e+00
-3.999011272149781249e+00
-3.994434524998705882e+00
-3.986441334304509976e+00
-3.974135880676725741e+00
-3.958693278551925765e+00
-3.940173284164446788e+00
-3.917404084715369716e+00
-3.891253771919062743e+00
-3.862310057672303287e+00
-3.829342999567697081e+00
-3.792775980565913585e+00
-3.753614475523032290e+00
-3.710783462306094016e+00
-3.664210087092750978e+00
-3.615148991896904196e+00
-3.562853560443862477e+00
-3.506787248254267908e+00
-3.448260883432219703e+00
-3.386967546055839051e+00
-3.322008232719084742e+00
-3.254564946423034844e+00
-3.184810385610403305e+00
-3.111629488108141661e+00
-3.035924202001714090e+00
-2.958318438534477401e+00
-2.877646321294289766e+00
-2.794428897470964568e+00
-2.709656881499816983e+00
-2.622273063419097383e+00
-2.532373935613112081e+00
-2.441194520449055716e+00
-2.347920291391866865e+00
-2.252234777949232214e+00
-2.155476589733083870e+00
-2.057169355254799825e+00
-1.956641848857507693e+00
-1.855196059822551202e+00
-1.752744595743407574e+00
-1.648353500049580367e+00
-1.543163888873419598e+00
-1.437483722302823397e+00
-1.330227659447062560e+00
-1.222278577497167396e+00
-1.114306862245423080e+00
-1.005192365897338291e+00
-8.954953302031483098e-01
-7.861847958226328981e-01
-6.762154660227095437e-01
-5.657950936381626050e-01
-4.561068709403321986e-01
-3.462738113923612415e-01
-2.361537283533905185e-01
-1.270490557158734102e-01
-1.832233763060184262e-02
9.048842803555046110e-02
1.980574543770462492e-01
3.047365694512894629e-01
4.112563391102493360e-01
5.163566994916470865e-01
6.200830107334407426e-01
7.233691105780686303e-01
8.250971513777758393e-01
9.250084144402744846e-01
1.024167606041756162e+00
1.121659338799811945e+00
1.216942904044623130e+00
1.311140546466555978e+00
1.403581628196894249e+00
1.493480848038423625e+00
1.581948806432452059e+00
1.668583911579211820e+00
1.752404282690990467e+00
1.834447632600267220e+00
1.914588978205133962e+00
1.991703938411672148e+00
2.066706529919286162e+00
2.139741370946056875e+00
2.209597641141702873e+00
2.277026588010701680e+00
2.342423553611570952e+00
2.404545901251153417e+00
2.463955052613540087e+00
2.521269242694126778e+00
2.575264543106769999e+00
2.626296983610648894e+00
2.675173786415411037e+00
2.720734268518232746e+00
2.763123880640713015e+00
2.803301505668141402e+00
2.840207086555590621e+00
2.873779198454767592e+00
2.905089945203776391e+00
2.933209580722995646e+00
2.957880715963939977e+00
2.980251018760348369e+00
2.999543022135886527e+00
3.015319764491595222e+00
3.028769068157483701e+00
3.039280374093290771e+00
3.046257361384826279e+00
3.050895893040505680e+00
3.052760269110070812e+00
3.051117334282433369e+00
3.047142844244891347e+00
3.040578073852165275e+00
3.030576558508565554e+00
3.018270109009263624e+00
3.003574190215834605e+00
2.985552464867371913e+00
2.965273349868355002e+00
2.942819771684311192e+00
2.917188007220103962e+00
2.889367890447660958e+00
2.859600062729733327e+00
2.826834308336978019e+00
2.791970670067159599e+00
2.755395595052174684e+00
2.716031228377813189e+00
2.674680214625538621e+00
2.631861497518673154e+00
2.586486122739945159e+00
2.539254893331274854e+00
2.490805196471938654e+00
2.440051074727074276e+00
2.387589749198034017e+00
2.334162799353216577e+00
2.278698903390723451e+00
2.221692205661017105e+00
2.163974467219831332e+00
2.104498258161482838e+00
2.043656962839552005e+00
1.982359092482330221e+00
1.919588123871406316e+00
1.855640414538163308e+00
1.791488627179903537e+00
1.726152111883677343e+00
1.659835012561613254e+00
1.593562573724613074e+00
1.526393185483842618e+00
1.458444415329559707e+00
1.390783700774340881e+00
1.322510085445406158e+00
1.253660727539670727e+00
1.185335949309369585e+00
1.116675447731030779e+00
1.047642078625407258e+00
9.793604593362358335e-01
9.110093563766048508e-01
8.424833414951813371e-01
7.749239452990108745e-01
7.075469484550849231e-01
6.401856919621190523e-01
5.739936709598463249e-01
5.082218077018290092e-01
4.426486705537470701e-01
3.784332463868438912e-01
3.148559154579032571e-01
2.516459129994943478e-01
1.899655041237586495e-01
1.291238187965287332e-01
6.880801706456519951e-02
1.017720331742146683e-02
-4.744015418370593068e-02
-1.043946457484049017e-01
-1.595284062145833903e-01
-2.134913793145818139e-01
-2.666639181091721711e-01
-3.178966173118366045e-01
-3.678306892544429552e-01
-4.168738814410735127e-01
-4.638819114942711042e-01
-5.094838150301609359e-01
-5.541050273655394598e-01
-5.966100530358046106e-01
-6.376262279970695834e-01
-6.775947705876653737e-01
-7.153896599540383594e-01
-7.516395963073919662e-01
-7.867937388267236543e-01
-8.197325144076407222e-01
-8.510891825075226347e-01
-8.813201126216946291e-01
-9.093187904503761132e-01
-9.357257609643268026e-01
-9.609911359792879804e-01
-9.840208250849020732e-01
-1.005475817264453564e+00
-1.025798174542996488e+00
-1.043898945482802931e+00
-1.060460046713229243e+00
-1.075916680161145056e+00
-1.089185454466255143e+00
-1.100961534598798863e+00
-1.111665586131426187e+00
-1.120235249593370064e+00
-1.127396629869917177e+00
-1.133552932645901290e+00
-1.137654484405955735e+00
-1.140435904186011262e+00
-1.142248961291779219e+00
-1.142065059473440503e+00
-1.140681299584971775e+00
-1.138438446281016203e+00
-1.134321402096344356e+00
-1.129133255906421329e+00
-1.123138288283380248e+00
-1.115326479187749964e+00
-1.106570551593817564e+00
-1.097150780142944093e+00
-1.086098458473354844e+00
-1.074252888720772514e+00
-1.061747419397358394e+00
-1.047652724473800090e+00
-1.032982941585310455e+00
-1.017889102786343702e+00
-1.001345288335125483e+00
-9.842424377052039208e-01
-9.667261410824374845e-01
-9.480028719310055196e-01
-9.290336319019349975e-01
-9.097081285829902164e-01
-8.891417869943482044e-01
-8.684577240694678624e-01
-8.476736280901009390e-01
-8.259010967167729200e-01
-8.040460736838799249e-01
-7.820055098311305963e-01
-7.592046434953659828e-01
-7.367013747835733373e-01
-7.140467508967300869e-01
-6.905218586018277982e-01
-6.674610824445800228e-01
-6.445911394914738413e-01
-6.210068991887547352e-01
-5.977508237843481842e-01
-5.747065992470511420e-01
-5.513724580599212999e-01
-5.285579330489655892e-01
-5.057141837651047966e-01
-4.826530898373836975e-01
-4.605304408256489235e-01
-4.384722475621819493e-01
-4.160241218612467651e-01
-3.945811849065676835e-01
-3.735354666747082164e-01
-3.522420302985440066e-01
-3.317346945177679363e-01
-3.116569943645546292e-01
-2.917647821058285684e-01
-2.726625482688080360e-01
-2.536815248830499581e-01
-2.351355713448033680e-01
-2.177235599581381353e-01
-2.002127942897297119e-01
-1.830027047860025569e-01
-1.672407203633045347e-01
-1.515249432084850301e-01
-1.358816700876741834e-01
-1.216342440533645930e-01
-1.077503620049967137e-01
-9.398844799251290794e-02
-8.128616353675230388e-02
-6.906304114308922659e-02
-5.732165411460800331e-02
-4.636264405733267480e-02
-3.565768509653115259e-02
-2.582985113650307710e-02
-1.679134970387560766e-02
-7.618371534389703145e-03
5.188531231589965653e-04
7.633874500205628348e-03
1.516034629902474062e-02
2.178614636884545000e-02
2.715652157020585072e-02
3.295147835038284706e-02
3.813339982972012432e-02
4.202855199105817036e-02
4.613115744835204202e-02
4.985489419057376886e-02
5.252791608598329776e-02
5.511872592690575390e-02
5.736846034243010817e-02
5.899154296423044647e-02
6.034255671266373217e-02
6.117662076051624126e-02
6.184003017882057363e-02
6.223778430754762364e-02
6.181958404912459015e-02
6.157488068830287153e-02
6.125964701724304073e-02
5.984119001631930945e-02
5.875461876267085853e-02
5.789443955150401500e-02
5.576956321532113708e-02
5.395934610500911777e-02
5.266082042605729763e-02
5.011468140543810096e-02
4.775796392017743475e-02
4.609701975217218167e-02
4.337518504525298552e-02
4.069235258380982101e-02
3.874193616872257523e-02
3.603851565514225308e-02
3.326876042081601537e-02
3.111487306331834832e-02
2.856988881760101281e-02
2.594480237389124033e-02
2.369532185563438809e-02
2.140313822446062927e-02
1.912499956186052008e-02
1.691134651292502608e-02
1.493522918559403098e-02
1.315962463477923262e-02
1.112734058900022478e-02
9.512630399616537127e-03
8.335034060929120969e-03
6.625298231638936282e-03
5.416178010677391921e-03
4.877878697052730195e-03
3.600660884735334792e-03
2.825538452648201741e-03
2.906956204002506764e-03
2.111324848167628072e-03
1.744798130794121072e-03
2.317875116475563192e-03
1.920730024849269177e-03
1.823596358278111416e-03
2.614599397799537237e-03
2.357447714973554681e-03
2.274084678706361079e-03
2.972290253967848749e-03
2.608542385142190428e-03
2.390555197789156518e-03
2.934520612694772011e-03
2.538028831637477965e-03
2.336930038813411770e-03
2.904992325038989551e-03
2.653061707808696598e-03
2.512048380641755327e-03
3.025594770095993424e-03
2.830491803088004601e-03
2.603058589474893051e-03
2.925654085606577137e-03
2.836631010711927921e-03
2.656698587849672458e-03
2.877769212765754307e-03
2.982612709343575134e-03
2.861603132396950931e-03
2.827325379383373999e-03
2.958127600958564661e-03
2.896820240978984634e-03
2.745010221262606312e-03
3.023282623889499057e-03
3.065037960531202376e-03
2.748536966673142783e-03
3.007012908059354585e-03
3.031446968054360772e-03
2.677402893404875420e-03
3.115168328341182992e-03
3.145098466094228135e-03
2.632244487356428381e-03
3.099700261062651469e-03
3.102177102763454229e-03
2.594427530210400602e-03
3.250569299899059607e-03
3.167121085455595030e-03
2.457090360499274845e-03
3.209423491312120638e-03
3.233421082159581433e-03
2.519984475885596840e-03
3.230262189496273945e-03
3.148902571556822568e-03
2.484553064405427194e-03
3.314376423190441845e-03
3.181017319724742734e-03
2.463609646576228607e-03
3.267879563539052238e-03
3.148220751502955102e-03
2.569033573643822628e-03
3.312808940035385022e-03
3.013387973119055138e-03
2.560428900067019623e-03
3.433264025583172840e-03
3.018680664545470883e-03
2.483778547065722438e-03
3.396381771154976213e-03
3.105363022482208676e-03
