-8.177459374908573357e-04
-8.486283493501144094e-04
-9.815310132291247235e-04
-1.036382238538154695e-03
-1.078547829000534681e-03
-1.236482410621789294e-03
-1.301252709884803422e-03
-1.358611376760034866e-03
-1.467548773002804938e-03
-1.477681541755008696e-03
-1.545046557378209132e-03
-1.658763778046345614e-03
-1.690971737079688397e-03
-1.775648379144217220e-03
-1.813049658161202358e-03
-1.779052581365758202e-03
-1.874808343911303025e-03
-1.946046060592076816e-03
-1.950687007479794989e-03
-2.006020445900964875e-03
-1.971729143259484326e-03
-1.961233237725467510e-03
-2.065753302613361920e-03
-2.060046637111202610e-03
-2.036909087205778131e-03
-2.048103926027514121e-03
-1.981406338136737586e-03
-2.028276300429428594e-03
-2.103290188614611624e-03
-2.006526217367360452e-03
-1.959276914329560228e-03
-1.964158337448871066e-03
-1.943312708077144218e-03
-1.992018426462975091e-03
-1.928287816389888517e-03
-1.797672348014174928e-03
-1.837378886553420925e-03
-1.852742307457307331e-03
-1.794977769797437934e-03
-1.754600380440951568e-03
-1.638879630848935360e-03
-1.625146052303001179e-03
-1.703405262191279171e-03
-1.588994268221709206e-03
-1.462855040313154609e-03
-1.456953712850955112e-03
-1.443049992304931434e-03
-1.443491418082759907e-03
-1.336967973253675888e-03
-1.184670335296904038e-03
-1.241579948886155881e-03
-1.259681807639814093e-03
-1.115330604588684552e-03
-1.035111686552913062e-03
-9.833381046749245947e-04
-9.890153265839764316e-04
-9.971115879814818235e-04
-8.043344189815223016e-04
-7.143706841064876916e-04
-8.216357786818348627e-04
-7.560348054025970918e-04
-6.055290796440508444e-04
-5.338305304575700167e-04
-5.162367008507775818e-04
-5.702235059622308986e-04
-4.582369288748307798e-04
-2.586198783045257597e-04
-3.185753805586333579e-04
-3.578748594320902690e-04
-2.039241252408542486e-04
-9.861533008171471818e-05
-5.210401045649137332e-05
-9.604061507317282259e-05
-7.798718418276743701e-05
1.736800343455918315e-04
2.208116793456115954e-04
8.038615551816358598e-05
2.292652008646842686e-04
4.235712646163562528e-04
4.457254842889425586e-04
4.498201054864272371e-04
4.787951751932809021e-04
6.857765445364976276e-04
8.661337088409393377e-04
7.657245740424267278e-04
8.524299080794292853e-04
1.175321958920512444e-03
1.305691469232250811e-03
1.381873597518022516e-03
1.578906607886272281e-03
1.926396888276148741e-03
2.378413535165085652e-03
2.664583467364395331e-03
3.062279234243342387e-03
3.882008957401281678e-03
4.699863688279093746e-03
5.466243197938665428e-03
6.502633125278009171e-03
7.809949074441255301e-03
9.341944369491270508e-03
1.088254339958249703e-02
1.249165527933022470e-02
1.460355482676425724e-02
1.691987932376017717e-02
1.912538322976551491e-02
2.160756143072068911e-02
2.442802825349200957e-02
2.746078660491995879e-02
3.064777271651558319e-02
3.382476924811872454e-02
3.731091359814642933e-02
4.121761757540347293e-02
4.504593653485226140e-02
4.888811676033754522e-02
5.302835528422499001e-02
5.732736021775753504e-02
6.176610921758926565e-02
6.620358422391209308e-02
7.060642734727645697e-02
7.530296313551387843e-02
8.013949927174023047e-02
8.486509992028715144e-02
8.963518281482388272e-02
9.444815369455424048e-02
9.935013389719607457e-02
1.043850568009144636e-01
1.093162761526512289e-01
1.141982339760856113e-01
1.191469364070868037e-01
1.240569835973698992e-01
1.290062131850794602e-01
1.339455578848351425e-01
1.387800508252249321e-01
1.436616119558541960e-01
1.485058194075918048e-01
1.532614348766483670e-01
1.580628592559204237e-01
1.627629933586104694e-01
1.673736182482777890e-01
1.720193965512454293e-01
1.765455108888791813e-01
1.810290416006274661e-01
1.855281974964512748e-01
1.898723963997376030e-01
1.941825481388684826e-01
1.984417363940894630e-01
2.025083529648061265e-01
2.065399306132413015e-01
2.104347847070042465e-01
2.141038582572702131e-01
2.177381741880010102e-01
2.211820903629212465e-01
2.244066180840952884e-01
2.275812107466665957e-01
2.305106273410511275e-01
2.332323144564694972e-01
2.358487786820096521e-01
2.381475022307636691e-01
2.402524680646198618e-01
2.422120956996645924e-01
2.438251847129123406e-01
2.452341781835628842e-01
2.464009808225297304e-01
2.472065627603463878e-01
2.478124437758381926e-01
2.480766778254852589e-01
2.479750389231304697e-01
2.476976439092396232e-01
2.470481397195899431e-01
2.460667497914091062e-01
2.448941945468161574e-01
2.432995468770159930e-01
2.413577392501275454e-01
2.391360112341681665e-01
2.364825468929032670e-01
2.335430876307849624e-01
2.302456505335704617e-01
2.264649935060526476e-01
2.223955479272426983e-01
2.179166820960045381e-01
2.129927391755397637e-01
2.078019903109209199e-01
2.021511624200720281e-01
1.960640106854207587e-01
1.896823801541351606e-01
1.828413854477530520e-01
1.756415364218844033e-01
1.681085567997368801e-01
1.600956336953691383e-01
1.518023193683721850e-01
1.432027545184590411e-01
1.341637120032574959e-01
1.248313010554202018e-01
1.151064292356780566e-01
1.050070136130418219e-01
9.472111941982855332e-02
8.408801328909146222e-02
7.314063985614968622e-02
6.197057910040679879e-02
5.040962588963653762e-02
3.859703958718205263e-02
2.658280414108139811e-02
1.419486059898403610e-02
1.577173934241607109e-03
-1.125331820703701427e-02
-2.435341603972096536e-02
-3.760105545682133898e-02
-5.111945009429509634e-02
-6.489842934114595230e-02
-7.876024384381094534e-02
-9.280486004632786112e-02
-1.070021963386134228e-01
-1.213361928725005812e-01
-1.359134058628649055e-01
-1.505243838604945483e-01
-1.651510510110044405e-01
-1.799323722719508023e-01
-1.947227929132330781e-01
-2.095927611179722594e-01
-2.245457766429214685e-01
-2.393626835242513573e-01
-2.541886505531096296e-01
-2.690021938253315814e-01
-2.836452991482509844e-01
-2.983370928086048202e-01
-3.129912844237046077e-01
-3.274242999992043601e-01
-3.417809866961070142e-01
-3.559661682947088401e-01
-3.699569065071841578e-01
-3.838788536833359633e-01
-3.975900750275965234e-01
-4.111235435180428111e-01
-4.244995959740224256e-01
-4.375583487898965784e-01
-4.504464983982982007e-01
-4.632073722988425679e-01
-4.757411682818917242e-01
-4.881027449520938810e-01
-5.001459273070411049e-01
-5.118666419293256276e-01
-5.234129833496458106e-01
-5.346425598160814419e-01
-5.456019899641063597e-01
-5.563158444881902698e-01
-5.665904585414986983e-01
-5.765866754931364691e-01
-5.862971210351972662e-01
-5.955245189938261907e-01
-6.044077811616159757e-01
-6.128248208902664640e-01
-6.206852073365688449e-01
-6.282263843598501207e-01
-6.352794817740300415e-01
-6.417466197045345044e-01
-6.477762133196146577e-01
-6.532327895466127909e-01
-6.581255191950740047e-01
-6.624252895751724379e-01
-6.659996235794869435e-01
-6.691109756473732073e-01
-6.717067970111536557e-01
-6.735019589482974522e-01
-6.746470904351732356e-01
-6.751669531838773164e-01
-6.751264955303692972e-01
-6.746781167408903990e-01
-6.734617376043948722e-01
-6.714021937646269533e-01
-6.688770906295479213e-01
-6.659267090184474158e-01
-6.624413896893236453e-01
-6.581963481201648092e-01
-6.531277230550466273e-01
-6.476540375851508324e-01
-6.417828886556172785e-01
-6.351684982609124841e-01
-6.277895119553290604e-01
-6.196629113260673227e-01
-6.109099951712463339e-01
-6.015948872694069083e-01
-5.914894795410365891e-01
-5.806130958995441294e-01
-5.689754759291881792e-01
-5.565360641666246000e-01
-5.435718640156763648e-01
-5.298945923754868614e-01
-5.152180610902282742e-01
-4.999573732890048028e-01
-4.841915509571562692e-01
-4.675871588084558605e-01
-4.501646765259119665e-01
-4.320994217454032782e-01
-4.136338211173951618e-01
-3.946590127302980200e-01
-3.747989250764247604e-01
-3.543672749339413786e-01
-3.337107440582009477e-01
-3.125927751528766452e-01
-2.909049525746729148e-01
-2.687151266785368087e-01
-2.462456112289193588e-01
-2.235810361175876171e-01
-2.003700749152181326e-01
-1.768530738364158528e-01
-1.534146057390911866e-01
-1.295839249021170647e-01
-1.053698945741172871e-01
-8.125467383302800717e-02
-5.700214923827991165e-02
-3.243046931427383262e-02
-7.803106134804029675e-03
1.670774666957153265e-02
4.122681337292044557e-02
6.603562134906122705e-02
9.082718257533366202e-02
1.152701622782069807e-01
1.398117258724616285e-01
1.644333551220466261e-01
1.887645072742740737e-01
2.130218630782510503e-01
2.371489708467428847e-01
2.610362432294212054e-01
2.849047420312847412e-01
3.084673337863134135e-01
3.315760387495100825e-01
3.545767271915264418e-01
3.773919801657401041e-01
3.997414780788489663e-01
4.215950026384166494e-01
4.431553145544803174e-01
4.645181299141303288e-01
4.853157934793840278e-01
5.055302452802110658e-01
5.254954257624266933e-01
5.449909798575394149e-01
5.639041438552748753e-01
5.823979164498910288e-01
6.003617597331893929e-01
6.179205397279468048e-01
6.351290633296710064e-01
6.516776007663965808e-01
6.676809704543941182e-01
6.833835107907020312e-01
6.986719571443713583e-01
7.133673252356905747e-01
7.274772395778793532e-01
7.413298072535605687e-01
7.548114005881050304e-01
7.673687182224523395e-01
7.794100034229530793e-01
7.914021951438773295e-01
8.026766135535791102e-01
8.130693934787709409e-01
8.231206780280772017e-01
8.326017403889255375e-01
8.412138202027046319e-01
8.493208349373091437e-01
8.569856167074116904e-01
8.638647207632035308e-01
8.699755114619092122e-01
8.754552668921266045e-01
8.802305887376218330e-01
8.844138745939639223e-01
8.879545598818474605e-01
8.904905028669064526e-01
8.923319311046534752e-01
8.937620261811809463e-01
8.941431532800394599e-01
8.935434242541350214e-01
8.925638059898695076e-01
8.906365653782648550e-01
8.874747156939192250e-01
8.838155018877504876e-01
8.795660376538093628e-01
8.741836338644543014e-01
8.679506758125411503e-01
8.611690040663494417e-01
8.535521779285056843e-01
8.448874301676554399e-01
8.354827284149554112e-01
8.255029673462700446e-01
8.145761946804065401e-01
8.026908486185396763e-01
7.901390850230848306e-01
7.767942052423157939e-01
7.626201212132593943e-01
7.476883085494580028e-01
7.319436358495509110e-01
7.155234463975724823e-01
6.982888854387909738e-01
6.801666945037486700e-01
6.615722546186435515e-01
6.422922589487629619e-01
6.221653749240879661e-01
6.017095275133391707e-01
5.805759123319567117e-01
5.585478539534326492e-01
5.364712936344544492e-01
5.141212859934718438e-01
4.908211327978364569e-01
4.672228172822512904e-01
4.437190087146998252e-01
4.197218300812729508e-01
3.951879651117763959e-01
3.706792721759893938e-01
3.461233584860505252e-01
3.210951908305858526e-01
2.959404943074069316e-01
2.709336965011613363e-01
2.456678367180934741e-01
2.202720537602336492e-01
1.949889933420481392e-01
1.695493584271498544e-01
1.441260852016432725e-01
1.188093325347412271e-01
9.332680291536933626e-02
6.796973180968504669e-02
4.285031063686267627e-02
1.766424944108268419e-02
-7.407590939949221243e-03
-3.214079039469770055e-02
-5.664225680640528476e-02
-8.103668459772034316e-02
-1.052205090615710992e-01
-1.288764395537492224e-01
-1.521932460730634207e-01
-1.754553624832677627e-01
-1.981432567269806877e-01
-2.201476346206558965e-01
-2.420523010277164100e-01
-2.635934466980721091e-01
-2.842762372055392395e-01
-3.045713491595450906e-01
-3.246885984446919449e-01
-3.440276687689830526e-01
-3.627114895053993315e-01
-3.812682301466537860e-01
-3.992066652476076172e-01
-4.163738131402391351e-01
-4.334017464232982064e-01
-4.499235336475519431e-01
-4.656899991637520886e-01
-4.812868611880138925e-01
-4.963361699121479620e-01
-5.106816913701633931e-01
-5.249140765019518762e-01
-5.384689625157705883e-01
-5.512385404094142238e-01
-5.639689408046804076e-01
-5.759894447130637918e-01
-5.870636236743755898e-01
-5.980414351946923279e-01
-6.083975316509681042e-01
-6.177367662955753902e-01
-6.267681576686334743e-01
-6.352465667682931638e-01
-6.427788553880954270e-01
-6.497669328564854574e-01
-6.562122336553284363e-01
-6.619014486537041497e-01
-6.669103547103030216e-01
-6.713165850875144613e-01
-6.751412877009945745e-01
-6.782952138614234405e-01
-6.807810890637121526e-01
-6.827089848308226516e-01
-6.840716106690485354e-01
-6.848709297854738143e-01
-6.850370084417053418e-01
-6.846302727580735326e-01
-6.838091369708544365e-01
-6.822830204958910683e-01
-6.801089422324533285e-01
-6.776834199357341104e-01
-6.745980858080907749e-01
-6.707931868429716227e-01
-6.667565719134092017e-01
-6.620642855549135897e-01
-6.566047805411031613e-01
-6.509600108984343603e-01
-6.447781005235279084e-01
-6.377088513925657232e-01
-6.302226799571710725e-01
-6.222909846806966572e-01
-6.135682745312567299e-01
-6.043519725616054439e-01
-5.947909430240809758e-01
-5.844583252087205416e-01
-5.735042063140365354e-01
-5.622715735611946153e-01
-5.503478347685201166e-01
-5.378847686197721911e-01
-5.252644564959358942e-01
-5.119624270551780265e-01
-4.982598710268581477e-01
-4.845313956844775616e-01
-4.700672015903504253e-01
-4.553381377894644699e-01
-4.407593556673332080e-01
-4.255197532364349833e-01
-4.101647663052213622e-01
-3.949646358671073387e-01
-3.791381237277665073e-01
-3.634396712287576436e-01
-3.479828486669162557e-01
-3.318966811883729551e-01
-3.159802266419398653e-01
-3.003635290694096072e-01
-2.842442921227655295e-01
-2.683117512083664224e-01
-2.527109790302843884e-01
-2.366948569478333209e-01
-2.208001772736292168e-01
-2.053899501827515239e-01
-1.897136193755719902e-01
-1.739114697592822611e-01
-1.586485376398741043e-01
-1.433563810503106495e-01
-1.278220075295903035e-01
-1.128689199230979018e-01
-9.805504721662655632e-02
-8.297201680421049941e-02
-6.850063063562832066e-02
-5.424977966931796708e-02
-3.981408252561575989e-02
-2.603856146247938291e-02
-1.248128896198747242e-02
1.188378811992619327e-03
1.425387196337726467e-02
2.707220717056907713e-02
3.975615193923534574e-02
5.196482691129500342e-02
6.400717377697494326e-02
7.563870858708222900e-02
8.691875952223240831e-02
9.812908939337522396e-02
1.086871159412733656e-01
1.189654896041790616e-01
1.291859859072425065e-01
1.386191636039316444e-01
1.478874344472874969e-01
1.570152923136675094e-01
1.652478436166186782e-01
1.734635452446575965e-01
1.814856627803433098e-01
1.885606745488144498e-01
1.957050255747906087e-01
2.025879687031255927e-01
2.084968152532027386e-01
2.145034454934934554e-01
2.202436653300642866e-01
2.250421429414692365e-01
2.298989785371131633e-01
2.345120546576311138e-01
2.382457658774678189e-01
2.419770235009496562e-01
2.455251252788043237e-01
2.482381031908507951e-01
2.508713180656824138e-01
2.534350030354700634e-01
2.552127582671194217e-01
2.568215052697854217e-01
2.584233940053465850e-01
2.592229761322822901e-01
2.597937412062201190e-01
2.604357092607748614e-01
2.602840751174263501e-01
2.598979115534087447e-01
2.596061630002041709e-01
2.585263005430076255e-01
2.572419655285147488e-01
2.559794008059674830e-01
2.539437181050308578e-01
2.518497002173194499e-01
2.497210594122573624e-01
2.468160173266738533e-01
2.439663394677721586e-01
2.410878144098881626e-01
2.375400336530548995e-01
2.340386297762784285e-01
2.304209650824849409e-01
2.263555916091787024e-01
2.223675105264968088e-01
2.181870402427692479e-01
2.137627087317003072e-01
2.093533773910130902e-01
2.047146562905976241e-01
2.000824298716525063e-01
1.953824867828604650e-01
1.904359759427804721e-01
1.856752065832228682e-01
1.807338316159616820e-01
1.755939158854110393e-01
1.707686603685744930e-01
1.656440935335852238e-01
1.603910259587257026e-01
1.555094641805875311e-01
1.502479980247972136e-01
1.449503386740831068e-01
1.400166493735469919e-01
1.346647741150115429e-01
1.293792366142386963e-01
1.244260477317122859e-01
1.190428827179508958e-01
1.137989995613949146e-01
1.088834730587490973e-01
1.035865271073222182e-01
9.845676660849925210e-02
9.362547088728442879e-02
8.847521003499261849e-02
8.355944530915021540e-02
7.894465389289150037e-02
7.399689830736574936e-02
6.931800209463753748e-02
6.499646646240078707e-02
6.034143170902088460e-02
5.598426386245314301e-02
5.199899941627688510e-02
4.767690915499000343e-02
4.373241570208434570e-02
4.012316717994854343e-02
3.615080604337203574e-02
3.267260804607361596e-02
2.946772737060531291e-02
2.588057415157105773e-02
2.287062358509289392e-02
2.001990398830607448e-02
1.682295693088833172e-02
1.426511055653946827e-02
1.173468770049150740e-02
8.955548335362405188e-03
6.825489626810367187e-03
4.591642461041866088e-03
2.259179042616753057e-03
5.399991239150459671e-04
-1.385050035162942086e-03
-3.256684920737006744e-03
-4.597698725755578787e-03
-6.180582228206225187e-03
-7.587984772808146344e-03
-8.597148414583491438e-03
-9.824606016062355923e-03
-1.079515428529967749e-02
-1.150505364537050823e-02
-1.236550864873447488e-02
-1.295181972574210513e-02
-1.339996015238417541e-02
-1.391262730240610049e-02
-1.418952006687119322e-02
-1.440865141807933826e-02
-1.460935666718736828e-02
-1.465466295239384494e-02
-1.468158947708178737e-02
-1.462221387276907772e-02
-1.448715133219579711e-02
-1.433885930722250159e-02
-1.408472933892081225e-02
-1.382580738723462009e-02
-1.352327240359985430e-02
-1.312587475633755774e-02
-1.277633929326614862e-02
-1.233914009186073968e-02
-1.183843522367186187e-02
-1.141450774868123588e-02
-1.085912486358970100e-02
-1.029222810820144655e-02
-9.821664822829158023e-03
-9.181582752261944341e-03
-8.587320169484682214e-03
-8.098331836430768677e-03
-7.410209997572188984e-03
-6.829782664693679825e-03
-6.348778801322741035e-03
-5.642636397124193258e-03
-5.108124377621513397e-03
-4.647945457424113892e-03
-3.951444630468065045e-03
-3.502190343586968416e-03
-3.080017178576465679e-03
-2.428300815484273414e-03
-2.096513739021915648e-03
-1.718210932444582447e-03
-1.156123918218688804e-03
-9.782741749959460165e-04
-6.500496389694558879e-04
-2.141393006184020968e-04
-1.966476859602314772e-04
8.080193364128188159e-05
3.552021815612632486e-04
2.303953263097570934e-04
4.631703883935751128e-04
5.569078974956971585e-04
3.324507788720859440e-04
5.339619054707220617e-04
4.647705435345873847e-04
2.136404642285824628e-04
3.932003281726077033e-04
1.845374348021936513e-04
-3.138797972034688554e-05
1.356101693908931419e-04
-1.528272881471555422e-04
-2.675430851412887367e-04
-1.023560052028597703e-04
-4.011371020613048064e-04
-3.716933501631610880e-04
-2.044027745093402197e-04
-4.543463093266638959e-04
-2.803228934057401794e-04
-1.339554318369378186e-04
-3.141456929374001087e-04
-3.406595964518672722e-05
6.382941908584023767e-05
-4.779456595069335673e-05
2.788415955618682093e-04
3.049830652217169064e-04
2.520324020627711672e-04
5.658264553106981745e-04
5.032419094720266351e-04
4.932279192504959806e-04
7.508532222775363314e-04
6.023746216886350638e-04
6.237352212640011979e-04
7.963313812063979938e-04
5.774726850913266488e-04
6.262120927099248209e-04
7.086869413764214061e-04
4.584276018381444997e-04
5.426802905047108105e-04
5.473467050370784022e-04
3.198126646637478076e-04
4.551956106910201409e-04
4.062970823525322538e-04
2.546838600952820112e-04
4.485704005630036881e-04
3.740739331635978748e-04
3.330542294485258799e-04
5.666170289421009398e-04
4.877185213469909094e-04
5.671170542658500718e-04
