-1.345100063355395264e-04
-8.935711001534392666e-05
-1.568482469535851988e-04
-1.518331478517687865e-04
-1.232686886842581124e-04
-1.965100786319165169e-04
-1.733273029168631179e-04
-1.643115989100581772e-04
-2.328906379668228984e-04
-1.943373690507668272e-04
-2.093358627244320147e-04
-2.694657183932282966e-04
-2.233521325241861360e-04
-2.616325795020738552e-04
-3.070096877660614021e-04
-2.607245539575826516e-04
-3.173300582256277690e-04
-3.391504235867289830e-04
-2.940875416746252980e-04
-3.610083663416180757e-04
-3.643997928838879998e-04
-3.386578607958910217e-04
-4.127691110797376437e-04
-3.920805989895315320e-04
-3.797326911036686260e-04
-4.460808538002526778e-04
-4.050247823524369341e-04
-4.126792157240761322e-04
-4.701757282921457514e-04
-4.238852243042820554e-04
-4.568134485265498636e-04
-4.932407861366821600e-04
-4.337138764105296111e-04
-4.767805530686405804e-04
-4.924157839256834354e-04
-4.448211726179163552e-04
-5.054992958502403221e-04
-4.990543448967964214e-04
-4.618208911590309480e-04
-5.214979268337394201e-04
-4.861253780519009943e-04
-4.640288053543236584e-04
-5.252822200442509035e-04
-4.823239538681200122e-04
-4.849395144163768322e-04
-5.290730721853554794e-04
-4.702380599612902118e-04
-4.918330934236299487e-04
-5.146753719218263726e-04
-4.530695229924306755e-04
-4.999385338377822577e-04
-5.087248125187095443e-04
-4.526072311372334833e-04
-5.058251674565983954e-04
-4.898958957995913632e-04
-4.459233314973533096e-04
-4.967848035065646753e-04
-4.587924026276464680e-04
-4.413078972362253073e-04
-4.913906573277215199e-04
-4.370348683193147157e-04
-4.438764465127745663e-04
-4.828475867786572459e-04
-4.142549352076161230e-04
-4.340352846423236417e-04
-4.522558935545729301e-04
-3.854661381414815425e-04
-4.205938572237487749e-04
-4.188815246358880808e-04
-3.705109746972697288e-04
-4.153949970007681587e-04
-3.769274759109718636e-04
-3.359586986943228007e-04
-3.846857595786116048e-04
-3.291084043725843477e-04
-3.102553968354744779e-04
-3.551296900225541040e-04
-2.822533175372076786e-04
-2.674747947391193162e-04
-2.828967928362299735e-04
-2.111389959799627120e-04
-2.275016312711639391e-04
-2.202488626148552608e-04
-1.409332600194224030e-04
-1.527790105093217068e-04
-1.002332436205420618e-04
-2.560774793261980987e-05
-4.855738758488079162e-05
3.617286539631049853e-05
1.274922809206698016e-04
1.538356623367514509e-04
3.023312361968318171e-04
4.177785436800034668e-04
5.051550267520777369e-04
7.282907138441238213e-04
9.213650608310864232e-04
1.158367472739092003e-03
1.516275627500120095e-03
1.818394354280563740e-03
2.217350892514961553e-03
2.735111921123016977e-03
3.224361834666147203e-03
3.863590528512866797e-03
4.587747131897249725e-03
5.298783593600197260e-03
6.192544610960933234e-03
7.161815599853577595e-03
8.188072238745704862e-03
9.423638160984583109e-03
1.069682640380078577e-02
1.206730739107076192e-02
1.365092687321856936e-02
1.526866076752135190e-02
1.704568490645782045e-02
1.902092985049854898e-02
2.102114834930574744e-02
2.321361680562619711e-02
2.557112042798544149e-02
2.797879801422439860e-02
3.062028290391970511e-02
3.338844134120234203e-02
3.622970801277878433e-02
3.931047834390775236e-02
4.247182992825505182e-02
4.574314675306937611e-02
4.924939669972495937e-02
5.280074377875196984e-02
5.649602122957755185e-02
6.039554730627744866e-02
6.431235764288704970e-02
6.839720286970366048e-02
7.263932915204220075e-02
7.689109826838556871e-02
8.132431477622728555e-02
8.585396518551560718e-02
9.039715774127925207e-02
9.511666240093552549e-02
9.986905135152364388e-02
1.046497405373372908e-01
1.095785639228014918e-01
1.144762701219011330e-01
1.194200456601292176e-01
1.244725624978052225e-01
1.294583686127110667e-01
1.345218094959803046e-01
1.396442216882532450e-01
1.446654839383671731e-01
1.497572144450994291e-01
1.548294063706598944e-01
1.597867088691098114e-01
1.648102805948860883e-01
1.697536223492420726e-01
1.745906817270384825e-01
1.794617344019681371e-01
1.841801196607396052e-01
1.888005206462622931e-01
1.934152782491925238e-01
1.978371493624366539e-01
2.021736162612659538e-01
2.064396735307710840e-01
2.104894263616084726e-01
2.144704209780144977e-01
2.183165764099441186e-01
2.219427359021756974e-01
2.254897721529648680e-01
2.288053868399398116e-01
2.318893068945715452e-01
2.348833919535622261e-01
2.376032668452665586e-01
2.401147328268497527e-01
2.424875155796581139e-01
2.445165221014237167e-01
2.463384197758982930e-01
2.479782576818629070e-01
2.492755075194107162e-01
2.503828362313091360e-01
2.512173223176641379e-01
2.516857696030108116e-01
2.519762141758789542e-01
2.519372359950844964e-01
2.515289331509666382e-01
2.509083488328630596e-01
2.498963220600069202e-01
2.485460631749347171e-01
2.469645327467147045e-01
2.449444737514168691e-01
2.425735093026157585e-01
2.398968099067911031e-01
2.367817104298758912e-01
2.333652487503990458e-01
2.295821926344944752e-01
2.253355418310699909e-01
2.207711174102315876e-01
2.157756383555106405e-01
2.103486114284974506e-01
2.046041395862550072e-01
1.983689306979602440e-01
1.917262239591446815e-01
1.847625862027697796e-01
1.773080329257737675e-01
1.694818181596663420e-01
1.612734631757083703e-01
1.525718494072736409e-01
1.435773412263349202e-01
1.341972992412777399e-01
1.243473616362459899e-01
1.142277043098376549e-01
1.037067802836081493e-01
9.279473861351025810e-02
8.165720585004401788e-02
7.011470938801117603e-02
5.825748825531388425e-02
4.621115088713498992e-02
3.380494732151857057e-02
2.117642387648818042e-02
8.361905197842174273e-03
-4.762049023255929270e-03
-1.799736688857771910e-02
-3.137639409765001497e-02
-4.498865721558075598e-02
-5.866463083440570658e-02
-7.247575714303840233e-02
-8.639985294087806911e-02
-1.003044273628979077e-01
-1.143079666484244916e-01
-1.283308342324922247e-01
-1.423197745554312665e-01
-1.563704302383750189e-01
-1.703211461899984958e-01
-1.842154016794295968e-01
-1.981353415530425766e-01
-2.118846394450560888e-01
-2.255731134737511134e-01
-2.392270164032769542e-01
-2.526555296623549385e-01
-2.660088697206226538e-01
-2.792540137682932855e-01
-2.922754232385724182e-01
-3.052365360165681385e-01
-3.180111001791103842e-01
-3.305652825505903114e-01
-3.430648549893312582e-01
-3.553312268960230891e-01
-3.674006330714431057e-01
-3.793705519543613680e-01
-3.910295748944713212e-01
-4.025113169044785555e-01
-4.138948428586780026e-01
-4.250007971847410970e-01
-4.359611228739401212e-01
-4.467452193673846494e-01
-4.572574490436654981e-01
-4.676637363243046908e-01
-4.778497635096286555e-01
-4.877900172697753889e-01
-4.976294800215047553e-01
-5.072114607725913826e-01
-5.165913105399404515e-01
-5.258359233929034149e-01
-5.347660720513910393e-01
-5.435470327052936979e-01
-5.522108382310476626e-01
-5.605683786266559832e-01
-5.687560887829596901e-01
-5.767299457519000638e-01
-5.844162812797081274e-01
-5.919660011996640270e-01
-5.992377708071220388e-01
-6.062333465008308275e-01
-6.130932093167734687e-01
-6.196149973603304328e-01
-6.258161213083504038e-01
-6.317858264652305156e-01
-6.374074139156266083e-01
-6.427680453985544773e-01
-6.477846561316179530e-01
-6.523217054734921083e-01
-6.565439790033964496e-01
-6.603525737929246686e-01
-6.636620012792334711e-01
-6.665897191180385484e-01
-6.689739124136978576e-01
-6.707830691386857946e-01
-6.720603213638476348e-01
-6.726496736442437729e-01
-6.726292189284429623e-01
-6.719472341207983757e-01
-6.704162657131536029e-01
-6.681860958259316918e-01
-6.651989654012621100e-01
-6.612933643550742424e-01
-6.565386022153860690e-01
-6.508429374934621148e-01
-6.442238145473694333e-01
-6.366949347350314703e-01
-6.280192940578727123e-01
-6.182998281114033823e-01
-6.075878797494452810e-01
-5.956864426351536901e-01
-5.827591347354904583e-01
-5.688174495484490389e-01
-5.537194307209486466e-01
-5.376142367625775798e-01
-5.204204185206608990e-01
-5.020958449635094523e-01
-4.828133510327985989e-01
-4.624970568407431593e-01
-4.412615966664426570e-01
-4.192204907450580165e-01
-3.962042070299559571e-01
-3.724237479011990870e-01
-3.480184490793222785e-01
-3.228441388056616512e-01
-2.971113149488279204e-01
-2.709404799896554805e-01
-2.443196255022679342e-01
-2.173948059532775368e-01
-1.901502505724312619e-01
-1.627483929554024156e-01
-1.353629686923720765e-01
-1.078398530999390981e-01
-8.037948321934308693e-02
-5.314874663327725374e-02
-2.596975488163257018e-02
9.386863628443251062e-04
2.743570254951394408e-02
5.364671994901240581e-02
7.940156357239769314e-02
1.046367699527854384e-01
1.293669738365479938e-01
1.535157776665482809e-01
1.771630042526374238e-01
2.001974024111528860e-01
2.225746566641166324e-01
2.444666115112092697e-01
2.656923773659090049e-01
2.862578132756808391e-01
3.063751996126775623e-01
3.258301284968905254e-01
3.446331462920879107e-01
3.629591950924144772e-01
3.806683315736562045e-01
3.978179374032517202e-01
4.144785582723080064e-01
4.306043589793466797e-01
4.462991857361544024e-01
4.614918615534191471e-01
4.761921031985228425e-01
4.905079907311373777e-01
5.042777799692350627e-01
5.176196299933749634e-01
5.306945323951526294e-01
5.433683178153225768e-01
5.558250039934483633e-01
5.680780357225554411e-01
5.798498117075457925e-01
5.913000924385902746e-01
6.025132159033673718e-01
6.134717740509573192e-01
6.244222830440339100e-01
6.353174098280616189e-01
6.460311620057589410e-01
6.566102814636355367e-01
6.670311523567733492e-01
6.774418646298902003e-01
6.878954533351224754e-01
6.983323726983171609e-01
7.088984531462546590e-01
7.194412909598189021e-01
7.298693853637796547e-01
7.404669722919239305e-01
7.511348428625693741e-01
7.618033837905351380e-01
7.726118420610191828e-01
7.833625420287624319e-01
7.940999824732899448e-01
8.049404913993956079e-01
8.156491492624700079e-01
8.262781121732383216e-01
8.368009613523944568e-01
8.469127467405942467e-01
8.566151023091953531e-01
8.658919232159794088e-01
8.747202868863656056e-01
8.831101535373681033e-01
8.906964468530805812e-01
8.972912565318500455e-01
9.029494873119303655e-01
9.075682989883750995e-01
9.111586625532046568e-01
9.135895309215500415e-01
9.147105833577021672e-01
9.146361678857956035e-01
9.131324243741889557e-01
9.101005189391089267e-01
9.058280788048799215e-01
9.001081307363436590e-01
8.928226707448345678e-01
8.841961793244507151e-01
8.740839864453928687e-01
8.624353512177242997e-01
8.493233762487671923e-01
8.347542200867034135e-01
8.189953252311559240e-01
8.019393690248959317e-01
7.832534589219937171e-01
7.631899092286305031e-01
7.420273683467412118e-01
7.198085331226340422e-01
6.964373930725453743e-01
6.716880886622571545e-01
6.458172597260798398e-01
6.191853219256023833e-01
5.916840068048137002e-01
5.632667118699119513e-01
5.340273361332529278e-01
5.041763907576287673e-01
4.738338373040076879e-01
4.427359964787113689e-01
4.111777785058933210e-01
3.796495471245580067e-01
3.477230098430027505e-01
3.153658980524020050e-01
2.832233784308144098e-01
2.512332299903055066e-01
2.191270663167248500e-01
1.871293899021805873e-01
1.555956031799904382e-01
1.245557511001894463e-01
9.367223674794861177e-02
6.321204373150117461e-02
3.367685124356575854e-02
4.597069402199196325e-03
-2.414011272530278140e-02
-5.184535829040991251e-02
-7.868119859122676973e-02
-1.050822791419478708e-01
-1.306792930204284942e-01
-1.552077735135798942e-01
-1.789842392321312481e-01
-2.021502512559194553e-01
-2.243493490119098377e-01
-2.455657198774455208e-01
-2.661519387853781282e-01
-2.858564406415879944e-01
-3.045501933159339703e-01
-3.226443039371945098e-01
-3.399656002307617220e-01
-3.563676937737462191e-01
-3.721974373108193901e-01
-3.873264272631853355e-01
-4.016571562885020152e-01
-4.153973460487375147e-01
-4.284661622404160597e-01
-4.409069914139726043e-01
-4.527967334270818767e-01
-4.640723390262045389e-01
-4.749212746919596606e-01
-4.853612297818867827e-01
-4.953050728653774493e-01
-5.049068911524335901e-01
-5.141408692789962709e-01
-5.229775579081789028e-01
-5.314880324059979566e-01
-5.396673762547210540e-01
-5.476754967245744954e-01
-5.554977691178299981e-01
-5.630454868158015769e-01
-5.705456997785116613e-01
-5.778934153278599828e-01
-5.849466532694314047e-01
-5.920021253027706321e-01
-5.989948002689946538e-01
-6.057543388469783796e-01
-6.124945356667939045e-01
-6.192070206309815417e-01
-6.257012743791776632e-01
-6.319847525313173620e-01
-6.381806198358177529e-01
-6.442396160934090732e-01
-6.499419769432305261e-01
-6.554184147835502294e-01
-6.607224322046122422e-01
-6.654981767293552952e-01
-6.698884456493130468e-01
-6.740005140802286521e-01
-6.774287133806463634e-01
-6.803282851281863275e-01
-6.827727421076290604e-01
-6.843199833845021729e-01
-6.851378701688889405e-01
-6.853706222281716887e-01
-6.847158414939336080e-01
-6.832272820707224747e-01
-6.809034533573364856e-01
-6.776075586743497414e-01
-6.734186860307491695e-01
-6.683055020455044293e-01
-6.622995984796860025e-01
-6.554228788001354999e-01
-6.475191712587498039e-01
-6.387325554052699639e-01
-6.292154830510113817e-01
-6.188482448691766669e-01
-6.075981524804562328e-01
-5.954912634096213297e-01
-5.826611467985691739e-01
-5.692269536491898485e-01
-5.551044238773934492e-01
-5.403463703977646748e-01
-5.250073854730259448e-01
-5.090651295575173707e-01
-4.926642714910152154e-01
-4.758365508889912388e-01
-4.585946442946405299e-01
-4.409806221170857188e-01
-4.229218430312353671e-01
-4.046620057545526339e-01
-3.862847911072037621e-01
-3.675013269966259655e-01
-3.485614092700483058e-01
-3.296382710799091731e-01
-3.104956813822907780e-01
-2.913471233384801184e-01
-2.722361798152657109e-01
-2.529909925956507766e-01
-2.339069063980342422e-01
-2.149625605754323932e-01
-1.959660135870408826e-01
-1.771883085374922340e-01
-1.586790763297636075e-01
-1.402954317674067475e-01
-1.221140204575325988e-01
-1.042240494497041481e-01
-8.666235328826342454e-02
-6.937570942000777230e-02
-5.240113297150873067e-02
-3.583638718997600447e-02
-1.960830641728794968e-02
-3.801047492028017394e-03
1.155142911046093401e-02
2.656884980344166591e-02
4.105291148258004286e-02
5.503337991378412508e-02
6.867616980319474207e-02
8.172058694290275371e-02
9.425843079803965241e-02
1.064171364311032458e-01
1.179134472494624275e-01
1.289378669988290038e-01
1.395547986473804070e-01
1.494838726668522300e-01
1.589916248021223666e-01
1.680691152772428032e-01
1.764484830326716880e-01
1.843792495215532401e-01
1.917752501224566364e-01
1.985520407572854140e-01
2.051170031931212334e-01
2.112898720607748471e-01
2.168123485123484573e-01
2.220009339186879982e-01
2.268323240803390983e-01
2.311080967286944232e-01
2.350157305434930066e-01
2.386271422172752954e-01
2.417654964727630751e-01
2.445061766408412607e-01
2.470142316306784547e-01
2.491049858734445399e-01
2.507946694515795216e-01
2.523245344394975387e-01
2.534549303732477332e-01
2.541856059768192733e-01
2.548217370824023553e-01
2.550786583648473327e-01
2.549759235045399031e-01
2.548226792638624838e-01
2.542971864782769820e-01
2.534597094946772766e-01
2.525859419818602958e-01
2.513702794571820442e-01
2.499069708454056404e-01
2.483853909460378984e-01
2.465754306664972584e-01
2.445946587190651889e-01
2.425064453683535293e-01
2.401899730909786423e-01
2.377703212863508941e-01
2.351861595068117650e-01
2.324432776824593705e-01
2.296619709059634917e-01
2.266753738462701784e-01
2.235815819054421949e-01
2.204818575139287917e-01
2.171522515725924363e-01
2.137415438064849404e-01
2.103435671794829376e-01
2.067327775161422188e-01
2.030467306014243911e-01
1.993791919695507842e-01
1.955307064243479442e-01
1.915701377885714873e-01
1.876257165625160872e-01
1.835524287371389507e-01
1.793182146110735842e-01
1.751046537874096087e-01
1.708124263554912647e-01
1.663062145614812304e-01
1.618323461725636458e-01
1.573179209593313088e-01
1.525613755284844497e-01
1.478584253707185547e-01
1.431216620373445270e-01
1.381459098879800340e-01
1.332575614784444751e-01
1.283260373560860812e-01
1.231929885256028978e-01
1.181655003326905068e-01
1.130789406489234317e-01
1.078845870501702192e-01
1.027965386647756996e-01
9.761897880432117425e-02
9.246172569402032193e-02
8.740418000924392306e-02
8.222635227183379414e-02
7.719321002424686662e-02
7.225187138947082588e-02
6.719422462435094279e-02
6.238373359293190173e-02
5.764533294473537378e-02
5.281893180206103516e-02
4.829767112856291761e-02
4.383401209650732155e-02
3.934682667008988777e-02
3.517493217400349120e-02
3.104968489030580578e-02
2.698391232832833900e-02
2.320485711488616196e-02
1.947236645449148401e-02
1.587718261441669124e-02
1.250971843541815419e-02
9.208915813438103143e-03
6.120845467078720945e-03
3.192714753233599767e-03
3.468065749426723146e-04
-2.231941020375905697e-03
-4.690932641383281643e-03
-7.056817750107962674e-03
-9.141824107444572120e-03
-1.111480682430887601e-02
-1.298013100049787497e-02
-1.458044407087243782e-02
-1.606005756497485767e-02
-1.742635759165618581e-02
-1.854592839283788347e-02
-1.952020644444365724e-02
-2.040227065082193814e-02
-2.106234878565591689e-02
-2.154127199955429076e-02
-2.195575894419499186e-02
-2.218220845239331218e-02
-2.221210528034068057e-02
-2.219089080767018204e-02
-2.200808164901831357e-02
-2.165857423496001313e-02
-2.126000332061560999e-02
-2.070779722341602874e-02
-2.005468889213810751e-02
-1.935119494572598575e-02
-1.849840639726637107e-02
-1.762504246341751318e-02
-1.669163809916813720e-02
-1.562023217014399737e-02
-1.460229762050858221e-02
-1.351596937124940542e-02
-1.232475566119798152e-02
-1.123341823218292762e-02
-1.006774888153515006e-02
-8.849841430562704198e-03
-7.741102127996334591e-03
-6.568605091096878235e-03
-5.411814474790391065e-03
-4.333296091954456572e-03
-3.216816739084340550e-03
-2.184464192066590607e-03
-1.179692920771516738e-03
-1.826698260756732476e-04
6.809287222839293047e-04
1.571734476661584314e-03
2.399606561071361121e-03
3.076729631751455238e-03
3.813592043167939906e-03
4.431196667979466972e-03
4.917263204017319374e-03
5.459984799594141090e-03
5.842717395136587388e-03
6.146520546716834933e-03
6.462647330188880761e-03
6.596676692777359886e-03
6.722824391353046831e-03
6.798958607925388760e-03
6.700089658554910475e-03
6.653757751378108765e-03
6.490359824299820474e-03
6.188731779895527765e-03
5.976107660678082155e-03
5.598401549060353852e-03
5.140142334601174347e-03
4.775179011051371679e-03
4.232086379731711707e-03
3.670572302270983401e-03
3.174784854643539038e-03
2.528786201116319226e-03
1.919533569165254167e-03
1.328755705125561062e-03
6.465392476644883212e-04
4.233860282857433103e-05
-5.895976486713831819e-04
-1.247708427344173653e-03
-1.807874011630505049e-03
-2.415610048137747587e-03
-2.993105432513494882e-03
-3.479407946627359732e-03
-4.004151232229738108e-03
-4.460016996785511577e-03
-4.844274963609656454e-03
-5.236715006666156635e-03
-5.549381972504542973e-03
-5.808937904833265733e-03
-6.034963802364561036e-03
-6.194669042969097768e-03
-6.312244896035800086e-03
-6.359765408853986987e-03
-6.363624004496485666e-03
-6.324818724970439864e-03
-6.201712835532340214e-03
-6.052482529269386652e-03
-5.847538021180454307e-03
-5.571872825613326252e-03
