3.261412943672721120e-03
4.915295929347963250e-03
2.801048432130003648e-03
3.820605111283157523e-03
4.312414928797221082e-03
2.630088080183256780e-03
4.325056521588632394e-03
3.860816028109519907e-03
2.683826087923626112e-03
4.315374111157288528e-03
3.522567538500186602e-03
3.105825990931607595e-03
4.073057214496499275e-03
3.160252268150334515e-03
3.448986492764399402e-03
3.950345873673625705e-03
3.022316478900703100e-03
3.397873869305642267e-03
3.870190919021112598e-03
3.199285661016976461e-03
3.188888535937670077e-03
3.721465784150557177e-03
3.335426169325343953e-03
3.147923734024785352e-03
3.649206118372721672e-03
3.120506186107635700e-03
3.307662222302304444e-03
3.766836643451734138e-03
2.668506690347213599e-03
3.521865636136483659e-03
3.856681843628547487e-03
2.322711593213675971e-03
3.792124214350978389e-03
3.705050342898911619e-03
2.322992364846837056e-03
4.038236738095851534e-03
3.203597269637704394e-03
2.810109040404140841e-03
4.382682962362646761e-03
2.565588254572501257e-03
3.463763699705392930e-03
4.688017598799746818e-03
2.424624486376368657e-03
4.284656048833137588e-03
4.683651720024184853e-03
2.808753582770213801e-03
5.179016724686624773e-03
4.615766707383184460e-03
3.766665988966895993e-03
5.897006739310770365e-03
4.512338725456300353e-03
5.009256348427490110e-03
6.445564299439564271e-03
4.732851938701276157e-03
6.280119689139477927e-03
6.730665186827976092e-03
5.208882166374969973e-03
7.251967332248127236e-03
6.935455823916162818e-03
5.981082032230120027e-03
7.819056862794028506e-03
7.143289784258336807e-03
6.835636701182532145e-03
8.018519549001585506e-03
7.428092224371875968e-03
7.639460929955572445e-03
8.164726001919054080e-03
7.868905249584350406e-03
8.256929112500463463e-03
8.341109254460602959e-03
8.238896297000797980e-03
8.647194076935666579e-03
8.710721041540201229e-03
8.569280440866206688e-03
9.105379503014860917e-03
9.358026724905333868e-03
8.764602281520778720e-03
9.586901628562037592e-03
1.011660805373884933e-02
9.283198648475760387e-03
1.079565166318923602e-02
1.134504670646283193e-02
1.063498935009777116e-02
1.317823727835108760e-02
1.396813509847603767e-02
1.457519989543387684e-02
1.860247750552094723e-02
2.048134753623711071e-02
2.445400273462245214e-02
3.172082215854097470e-02
3.780519257634019220e-02
4.856694766124855511e-02
6.210061697276463011e-02
7.745380662132053673e-02
1.002794864172949635e-01
1.251641402721170304e-01
1.549398210940051146e-01
1.931598813229315759e-01
2.329694739522486235e-01
2.798889636553417160e-01
3.330199313853389742e-01
3.864665490192426001e-01
4.476441147112670826e-01
5.117450276891000183e-01
5.755629018215989712e-01
6.462363581665400147e-01
7.170289360227730668e-01
7.881633793567052182e-01
8.642330430931974838e-01
9.384234967165889785e-01
1.013362881786556313e+00
1.090261596090111640e+00
1.164432229329437130e+00
1.239898310932698866e+00
1.315680997903870830e+00
1.390039971449896106e+00
1.466291517115045018e+00
1.542608532309656999e+00
1.619869337256913067e+00
1.699380573115779614e+00
1.779084741338754716e+00
1.860918673393814782e+00
1.944608100165089670e+00
2.028560516125625046e+00
2.114455676188546462e+00
2.201812041679280796e+00
2.289568065816847575e+00
2.377740525093419599e+00
2.465351356088947288e+00
2.552122606077719791e+00
2.639652377824090124e+00
2.727202874951612177e+00
2.812350243003902239e+00
2.897942683773914396e+00
2.983663628952091251e+00
3.065673767328650268e+00
3.148248355623529005e+00
3.230653587284078032e+00
3.310173489506869959e+00
3.392421955718763371e+00
3.473718023112021047e+00
3.552291697367612855e+00
3.633101620236919960e+00
3.711009968293085493e+00
3.789327176708211287e+00
3.871549889130189381e+00
3.949578662300220255e+00
4.028553665457629940e+00
4.109404740805979728e+00
4.185687773089878938e+00
4.264220738180034331e+00
4.343355880948497116e+00
4.420341761296155525e+00
4.499676336038592517e+00
4.575283399398893280e+00
4.648473018159782200e+00
4.722409883686278675e+00
4.791585406030598016e+00
4.860327817779359627e+00
4.927822256649518451e+00
4.990731813516554816e+00
5.054406823154615758e+00
5.114353865707776059e+00
5.170626918631985980e+00
5.227828833887132376e+00
5.280318938149539676e+00
5.331560440449420568e+00
5.383281697674993538e+00
5.429836139661956551e+00
5.475369284068251297e+00
5.517676304256264430e+00
5.553216961642290173e+00
5.586520119210814705e+00
5.614157496832187455e+00
5.636252041145804803e+00
5.655918647512988784e+00
5.667729124055457923e+00
5.672837703733442538e+00
5.673354854903675637e+00
5.664933681753193007e+00
5.648894743793134054e+00
5.625722224442360364e+00
5.591255062926293817e+00
5.545485877417641873e+00
5.487372512534964386e+00
5.411875557303942763e+00
5.318919962233673360e+00
5.208215382944558769e+00
5.072244191789288870e+00
4.908143999174658489e+00
4.713496336628402616e+00
4.478547005103282963e+00
4.199970061339533878e+00
3.873199777809771760e+00
3.489461222296594833e+00
3.051377383949962496e+00
2.562121526793027737e+00
2.029500564241886629e+00
1.473923515572886922e+00
9.143179196946100706e-01
3.802025464683409517e-01
-9.665722137311910656e-02
-5.019837256282112525e-01
-8.243990904832128042e-01
-1.070695390676211112e+00
-1.265076894573722743e+00
-1.421243356705316430e+00
-1.558177527062633017e+00
-1.689008567751122181e+00
-1.808057328330153757e+00
-1.918842609372579444e+00
-2.022642098544208622e+00
-2.117994990578776271e+00
-2.216381766972963518e+00
-2.320983866165896803e+00
-2.432013430883272598e+00
-2.554267722006584140e+00
-2.689930401141285454e+00
-2.847503966431207623e+00
-3.028843253143288727e+00
-3.232313525863088621e+00
-3.462444561311177171e+00
-3.709592442034576720e+00
-3.965969730283441574e+00
-4.229122041783892172e+00
-4.480962150007171019e+00
-4.711912651850413525e+00
-4.919379708630786219e+00
-5.094823605368040020e+00
-5.245176333077835373e+00
-5.382894897714592730e+00
-5.515451479404305246e+00
-5.649809037933267497e+00
-5.785018169168682611e+00
-5.921887965140056664e+00
-6.060799369451767227e+00
-6.197917040678301959e+00
-6.342499851198117433e+00
-6.502314622911105069e+00
-6.670758896607154931e+00
-6.840896721063167263e+00
-7.007281900149656906e+00
-7.173325434984906934e+00
-7.349930552603778366e+00
-7.533888251079206455e+00
-7.714976588692971760e+00
-7.896701685173457719e+00
-8.090140781176241802e+00
-8.296700624305348271e+00
-8.501917336213232090e+00
-8.686935464579041977e+00
-8.853494687923035400e+00
-9.020068112302691787e+00
-9.182755276585918836e+00
-9.326025865340643151e+00
-9.465188171639546511e+00
-9.623435165244774936e+00
-9.795341505112642011e+00
-9.955752745872992193e+00
-1.009287013267919342e+01
-1.023084564060353330e+01
-1.038749768657612371e+01
-1.054321164325372351e+01
-1.068509947462417209e+01
-1.082263604299702919e+01
-1.097112417181590693e+01
-1.113496674369483053e+01
-1.129460655450422912e+01
-1.144791269685750201e+01
-1.161398170674092789e+01
-1.178449001907647364e+01
-1.194182782537351173e+01
-1.208357049935372451e+01
-1.222601790363568419e+01
-1.238971727350886631e+01
-1.254736483841012706e+01
-1.267015764269171818e+01
-1.278999727573393663e+01
-1.293173093425360598e+01
-1.308299424077534034e+01
-1.322100527187296315e+01
-1.333097380964817802e+01
-1.344312818366019080e+01
-1.358550381594790402e+01
-1.373199911210534019e+01
-1.386624067882723566e+01
-1.400194002935143622e+01
-1.414277401401308154e+01
-1.428435514532548822e+01
-1.443128958269171136e+01
-1.459034459237282277e+01
-1.473876230230593443e+01
-1.485670016771194746e+01
-1.498762286644467068e+01
-1.515394018945914389e+01
-1.528887002615123158e+01
-1.536685739180024335e+01
-1.546537151582050740e+01
-1.560581657030841285e+01
-1.569953230706293290e+01
-1.573731788600222714e+01
-1.581700936067164243e+01
-1.591991412927021265e+01
-1.594047704451517156e+01
-1.591408019089791459e+01
-1.590281784831247691e+01
-1.578743839706848640e+01
-1.543994910188649605e+01
-1.485858841541753783e+01
-1.393250099042653645e+01
-1.238776838888592557e+01
-1.007104832616545664e+01
-6.996639263847177048e+00
-3.245900355795393821e+00
8.206499487106206914e-01
4.437532671453842781e+00
6.796665363384800429e+00
7.442334733860437979e+00
6.445766032985681626e+00
4.573234733439104360e+00
3.086512773461780768e+00
2.873367107454342317e+00
3.779362602139672678e+00
4.849598560765473465e+00
5.087513463968036831e+00
4.271788928063402047e+00
3.242247363749182654e+00
3.031348559387904373e+00
3.682351791539803187e+00
4.271197755187039036e+00
4.062384817356726963e+00
3.361699380535144055e+00
3.108946402437223089e+00
3.704377100779344900e+00
4.500691285817435272e+00
4.739496056490732911e+00
4.713027694348432384e+00
5.297433728449806090e+00
6.519826330597478403e+00
7.496771730051048799e+00
7.744879170275712710e+00
7.747753037447357549e+00
8.046372610394515235e+00
8.350165853493532353e+00
8.117996252503346000e+00
7.664977142232283214e+00
7.765481761899528657e+00
8.320250729171164039e+00
8.522872631884752082e+00
8.302641925413976054e+00
8.374861014636094225e+00
8.852551978450440728e+00
9.130829014217422213e+00
9.137856913694896832e+00
9.406373421455862527e+00
9.954448032859081863e+00
1.025492868112687894e+01
1.029428521541933428e+01
1.058617440686673028e+01
1.109122514369750512e+01
1.126216708006941936e+01
1.118777002150448929e+01
1.142902429633980077e+01
1.184354781200876339e+01
1.191973727866451149e+01
1.191921109938034995e+01
1.232344018218905823e+01
1.278589241437781432e+01
1.290388949251848949e+01
1.305900109296335110e+01
1.346488560384577760e+01
1.364490683516296876e+01
1.350662649361355072e+01
1.354199541742862500e+01
1.375130852124845937e+01
1.375558411130521996e+01
1.375134880327087394e+01
1.405445886624002405e+01
1.433955473858304686e+01
1.439448880804931363e+01
1.458189591285490572e+01
1.492497866928358086e+01
1.505940693811078468e+01
1.514261249474182591e+01
1.546382533677891402e+01
1.570894562724372001e+01
1.571863005771317567e+01
1.589366923665616582e+01
1.621385713843920584e+01
1.627669844871530103e+01
1.630029224108101715e+01
1.663204340605519604e+01
1.694314548584040026e+01
1.702859354459406660e+01
1.721315139684022455e+01
1.746900797295998231e+01
1.753975221663091588e+01
1.768703557849752883e+01
1.805876306658701225e+01
1.828835106749351169e+01
1.842386608908463685e+01
1.880233173542067604e+01
1.915973653403843358e+01
1.928034610495024737e+01
1.949005177021263435e+01
1.974764186359676543e+01
1.979676868231420528e+01
1.996056934256588278e+01
2.036015281501398633e+01
2.054352333136673181e+01
2.057478572859060861e+01
2.079889575992826778e+01
2.091506076110965040e+01
2.079341162327812143e+01
2.087594019136204437e+01
2.113404647826685334e+01
2.128290283664393101e+01
2.145368195747974482e+01
2.148777575056397637e+01
2.091123743721027495e+01
1.964606567061257181e+01
1.744078860822519772e+01
1.366261594398691237e+01
8.358589335605437043e+00
2.219619996761577951e+00
-4.050622121397401187e+00
-9.186563868438321734e+00
-1.153173563353471032e+01
-1.065038476337558571e+01
-7.764281745545449809e+00
-4.858826393011420386e+00
-3.824110685880489413e+00
-5.113669000078974847e+00
-7.080164118289641095e+00
-7.681402572572371135e+00
-6.332400099232747159e+00
-4.116882500088633989e+00
-3.071417760337524783e+00
-4.150033529578432301e+00
-5.611772639168280286e+00
-5.295864967828254777e+00
-3.683789453490155630e+00
-2.777519341541124565e+00
-3.364038895049995759e+00
-4.479027957041942010e+00
-4.627321518856552629e+00
-3.796870475607924789e+00
-3.823895250220965103e+00
-5.473588789535022592e+00
-7.051968269838954306e+00
-7.274674629818598248e+00
-7.073373717773347558e+00
-7.730868252018867182e+00
-8.865528359620743259e+00
-8.969477954287526700e+00
-8.003171445466097822e+00
-7.923911934319616712e+00
-9.217583370092169659e+00
-9.880355465093709100e+00
-9.351610382343690020e+00
-9.311408846565187858e+00
-1.003905250754728051e+01
-1.017367648828050086e+01
-9.611930611708551453e+00
-9.572588253218549781e+00
-1.034381914851419815e+01
-1.068856759526883771e+01
-9.966010149613094171e+00
-9.513427729393681531e+00
-1.012313526366193095e+01
-1.044086416839638254e+01
-1.005857801499178095e+01
-1.038546108833825876e+01
-1.127547721971162353e+01
-1.135556936850855259e+01
-1.112349195608197050e+01
-1.174313856373384723e+01
-1.260740590141593565e+01
-1.274979511800430032e+01
-1.270342680532889545e+01
-1.325080522470669742e+01
-1.374232303256295395e+01
-1.340560901387192771e+01
-1.310210946438149548e+01
-1.344335016198937716e+01
-1.332830650442610576e+01
-1.273865621965870787e+01
-1.305803178753449778e+01
-1.366193011687116154e+01
-1.337207989405057695e+01
-1.340748707182856947e+01
-1.427121645975866038e+01
-1.445464115815869555e+01
-1.424940464619251657e+01
-1.491990317753630890e+01
-1.549078604072125387e+01
-1.515399352138035738e+01
-1.504881518382025618e+01
-1.543599803920704439e+01
-1.542244358221330636e+01
-1.527665045197012361e+01
-1.564952087923216872e+01
-1.597658378069824359e+01
-1.577273145879802918e+01
-1.567665558847795459e+01
-1.586517026456650648e+01
-1.560827967049008080e+01
-1.518359989282497580e+01
-1.535573571649150892e+01
-1.537268719368603520e+01
-1.471859283235650651e+01
-1.440162303084262874e+01
-1.437474034967164194e+01
-1.385651774390570168e+01
-1.355844987203066054e+01
-1.359228501767565689e+01
-1.279509774045064141e+01
-1.160048920220401314e+01
-1.079780337453978944e+01
-9.447915041420948512e+00
-7.342380378302703292e+00
-5.314506866465869450e+00
-2.983824733984103528e+00
-2.901614193431738542e-01
1.542208119535906752e+00
2.538084504675388153e+00
3.415224794842732337e+00
3.598382440392635218e+00
3.201944648044515063e+00
3.414448647873137510e+00
3.774885024218352925e+00
3.504570915104817885e+00
3.512628128402067063e+00
3.768999899948205723e+00
3.223662886645135561e+00
2.708563395902511495e+00
2.993321666811022741e+00
2.986060457807673263e+00
2.582290387960936684e+00
2.493393417160401526e+00
2.218625215997185318e+00
1.821867717552518862e+00
1.955498809012034878e+00
1.932791476960548316e+00
1.518186185003383759e+00
1.593090142676486520e+00
1.956605284140350065e+00
2.164630284945649130e+00
2.597089395242522247e+00
3.046173266445695749e+00
3.266844073434441498e+00
3.760092172356472862e+00
4.318252071694099747e+00
4.408446093529688525e+00
4.483429878191452111e+00
4.818167184482300414e+00
5.001727847908870039e+00
5.126209320114522683e+00
5.402872316433653843e+00
5.488892712798708828e+00
5.396155294183717643e+00
5.426147064558107580e+00
5.384650637137395890e+00
5.287848761765702399e+00
5.313800082041586492e+00
5.011038416713672561e+00
4.538802748259897157e+00
4.658915563173185781e+00
4.836491587519796909e+00
4.609653802588700167e+00
4.738633235501856333e+00
4.963706047737900917e+00
4.786735174704056739e+00
4.997071782334487011e+00
5.311611047157541954e+00
5.042693625363664722e+00
5.092083560917326501e+00
5.378541741911733176e+00
5.165697119902227463e+00
5.323370305667717517e+00
5.717352018437297012e+00
5.476668206280605133e+00
5.557932394690616285e+00
5.947077917523079904e+00
5.594320199039755970e+00
5.350857541062621792e+00
5.479248724379012003e+00
5.132432295641140563e+00
4.991899252074343707e+00
5.185420320342173817e+00
4.903764250570027627e+00
4.771038525331903202e+00
4.894116096102407276e+00
4.530194292768892517e+00
4.235632816885934737e+00
4.168697907270877856e+00
3.805983684372467479e+00
3.633849427419403089e+00
3.643928310844081864e+00
3.366846517922205351e+00
3.245685874087863354e+00
3.200000650582499162e+00
2.907770551227244482e+00
2.845127904045443135e+00
2.823115621419927557e+00
2.552177360660069283e+00
2.521220818711523926e+00
2.470212446651447902e+00
2.113772909744568551e+00
1.980487686179223772e+00
1.866794742803676188e+00
1.523711333315955985e+00
1.438813683005423449e+00
1.374745992047404330e+00
1.029552909730831578e+00
8.876014665491456235e-01
8.749132689223820813e-01
7.023891528611236890e-01
6.627076778377478661e-01
6.676132147308101450e-01
5.113184561489676483e-01
5.091203862487901910e-01
6.121773165306391151e-01
5.302415960798531058e-01
4.642593272058861409e-01
4.598812661910959831e-01
3.001899840809139630e-01
1.552030922928268053e-01
1.267701626514069480e-01
9.162612491297822404e-03
-1.395299581834631708e-01
-2.256403762404047830e-01
-3.161788948103137487e-01
-3.100941241174990370e-01
-2.713477399722778460e-01
-3.733578028144244332e-01
-4.285933380730548858e-01
-3.907809145498280512e-01
-3.872227025962609592e-01
-3.245044975667930043e-01
-3.089379901803007700e-01
-3.612056125732918122e-01
-2.690218235343301290e-01
-2.627449644097741843e-01
-3.186528621051671895e-01
-1.668902198005236814e-01
-2.476123445181789284e-01
-4.845965031949104884e-01
-3.772954217821494760e-01
-4.014758395943054392e-01
-5.455877779991459287e-01
-4.046168160932976932e-01
-5.208568445593135809e-01
-6.722808179890091829e-01
-4.126564686574429874e-01
-4.275641321428495512e-01
-4.550411156336860996e-01
-1.531504760236943596e-01
-3.065107532321458828e-01
-4.264743730566331603e-01
-6.475570086874726794e-02
-7.724528665180674381e-02
-1.009075673488184915e-01
1.510761945871126333e-01
-3.104316793986983125e-03
-3.190872926747669036e-02
1.574438249019248781e-01
-9.972313801439997016e-02
-1.634086570271668926e-01
-1.728015463718049483e-02
-2.130131744168876906e-01
-1.275804369473086397e-01
4.873750979288776763e-02
-1.179666134209170214e-01
4.344769754939820094e-02
2.550387934391413758e-01
2.097793776810401578e-01
4.448764440927041597e-01
4.779798240441675561e-01
2.077228104734986647e-01
2.586753843601345970e-01
1.452111015124929461e-01
-1.067252162859468889e-01
1.220004423184778419e-02
-2.089407652972326279e-02
-8.901901437298848085e-02
1.104383631686030459e-01
3.988342318851977736e-02
-5.006150059279743797e-02
9.322147631220559574e-03
-1.709710782562374187e-01
-1.616000441109886610e-01
-2.467089727344676242e-02
-1.296476368855543349e-01
1.647894354155143848e-02
1.870530821757568629e-01
1.641168170362024004e-01
4.639982597296110622e-01
6.204591598060174018e-01
4.915347739343283173e-01
5.892110773474137364e-01
4.291322200420366606e-01
1.308427438124302455e-01
1.383355033731325789e-01
-1.270902219993102211e-01
-3.698871753488902070e-01
-2.598347315744438668e-01
-4.026393355010752795e-01
-4.164344358590552631e-01
-2.105207251803885848e-01
-3.305378347761274149e-01
-2.357049281152290843e-01
-2.919614348492233225e-02
-1.372593274676509045e-01
6.353891214198670312e-02
2.510500061667909621e-01
1.493334818460723412e-01
3.797536512446804124e-01
4.065993455900203668e-01
1.623405090544183804e-01
2.971485825089762445e-01
2.239937623662597854e-01
6.895812973962484049e-02
2.631063476231168541e-01
1.114563527039092172e-01
-4.551146082643892088e-02
4.817920812659194640e-02
-2.236557408412754855e-01
-2.817605815027121596e-01
-1.282431563156225529e-01
-3.367860178670700755e-01
-2.294234075439317011e-01
-6.495501465198078028e-02
-2.589887477474283051e-01
-6.965236368641541942e-02
5.876849065305614350e-02
-1.021962350488576365e-01
8.701546269599141903e-02
6.084318776354194491e-02
-1.003817921298013893e-01
