-3.615331420666278127e-05
5.193642325310847971e-04
-1.167452191049906827e-04
1.725814256622182482e-05
5.397524104163167139e-04
7.154846294812677388e-05
2.392274594588491730e-04
5.319686994762792658e-04
1.632946374643707579e-04
5.070638163092446807e-04
6.544140599117049097e-04
3.017860355026107393e-04
7.018326762125902613e-04
7.504253068658949845e-04
5.067452533722095667e-04
9.698610223516548456e-04
8.976920851589773737e-04
6.532304323175051235e-04
1.164248412791391886e-03
1.163910762310143166e-03
9.010433236687782205e-04
1.277821241042914092e-03
1.393043947251851019e-03
1.195246936366992693e-03
1.436182781966941543e-03
1.689641404801496549e-03
1.491465765840802428e-03
1.508406096685748713e-03
1.960185087930871924e-03
1.870439372159119710e-03
1.664864107660833214e-03
2.194725677023591504e-03
2.162212557475721563e-03
1.831212958295903165e-03
2.484884070422605819e-03
2.500898808275480497e-03
2.028643294591328874e-03
2.694438659640318451e-03
2.753324670429680657e-03
2.294760914755429679e-03
2.970167083215213485e-03
2.976354861869131684e-03
2.525192963798839670e-03
3.186347791086806703e-03
3.174315972447393046e-03
2.826565987047947349e-03
3.400361373582256892e-03
3.255970175700796318e-03
3.034388210703660958e-03
3.560205396493154161e-03
3.334139901457170915e-03
3.283390779308815576e-03
3.708940372575934927e-03
3.360121702263645441e-03
3.462351899579905155e-03
3.744068489312816529e-03
3.312572401579861985e-03
3.649426171607820721e-03
3.838616583182004414e-03
3.331486863470124217e-03
3.762420314858648529e-03
3.748503241076807640e-03
3.276313232644760976e-03
3.940282784840594237e-03
3.791764424015499346e-03
3.284733983451986264e-03
3.968554181210618564e-03
3.692911857108767751e-03
3.373383149736780898e-03
4.170364109497037494e-03
3.723873458781910405e-03
3.417956476855014015e-03
4.206184136186061524e-03
3.791339387266663523e-03
3.685845903715549970e-03
4.388831591445657362e-03
3.882310242399604656e-03
3.931164058161132173e-03
4.705700495933723068e-03
4.278309485813133750e-03
4.308024021265039784e-03
4.964401478714092902e-03
4.769878550063727171e-03
5.082538473324475260e-03
5.751596131366643570e-03
5.558027076254418684e-03
5.962393830636645263e-03
6.997751674128517736e-03
7.325809275962050920e-03
8.024821675868171883e-03
9.436144585926072026e-03
1.050960229285113727e-02
1.219299644112293787e-02
1.473306537012002669e-02
1.700817321509206365e-02
2.020421524837454769e-02
2.459872457331056805e-02
2.872862106573865690e-02
3.400183378731996831e-02
4.079458010074597102e-02
4.728574527958700341e-02
5.486930857653311150e-02
6.397376329146503560e-02
7.302036010557427792e-02
8.341416870286577634e-02
9.486381407774507890e-02
1.061147501343830818e-01
1.193625741214113523e-01
1.336607920482057454e-01
1.472996972144962058e-01
1.627949191491593617e-01
1.793344962566869871e-01
1.954136777031943439e-01
2.130204893940411126e-01
2.309233266976552790e-01
2.486340877519259418e-01
2.681121719734060882e-01
2.872373705464306148e-01
3.060473251097006742e-01
3.266731687705818343e-01
3.466300162620193914e-01
3.662691250590089931e-01
3.874732276624677785e-01
4.077868122591846722e-01
4.280598817868915273e-01
4.495617181419777619e-01
4.698871335038792840e-01
4.903846430978757720e-01
5.116484910514706996e-01
5.316813306738038536e-01
5.523330272069816305e-01
5.732130659676057949e-01
5.927548072000378143e-01
6.134161419528487702e-01
6.339740151154583669e-01
6.531254528903267520e-01
6.735963695843372179e-01
6.937101217445971191e-01
7.123911515633498670e-01
7.321218814736424330e-01
7.516494673691110906e-01
7.707039025476990490e-01
7.902535889094304267e-01
8.087760081244597110e-01
8.275879924791563758e-01
8.469028792186253929e-01
8.646449390391524048e-01
8.829279918441266251e-01
9.014566695644651295e-01
9.179421684036160878e-01
9.348910842147116762e-01
9.522264881439388429e-01
9.679373272455139565e-01
9.834721595794468918e-01
9.986616955466285361e-01
1.013074467205598239e+00
1.027212389641317003e+00
1.039967694684585942e+00
1.052330157566462754e+00
1.064590808920685250e+00
1.074855582921354413e+00
1.084630596865078900e+00
1.094150881926205798e+00
1.101465966720516887e+00
1.108051272989134750e+00
1.113946286179057443e+00
1.117774294080889019e+00
1.120892438185626894e+00
1.123042191050161343e+00
1.123275656033957848e+00
1.122324754963144100e+00
1.119930545338165384e+00
1.116158787848456013e+00
1.110904704325776926e+00
1.103379540629408906e+00
1.094615827943604902e+00
1.084346897355422223e+00
1.071361178039719642e+00
1.056818305704735339e+00
1.040506347999284209e+00
1.021681676740469724e+00
1.001314635878105319e+00
9.786639598120095984e-01
9.535735723996213720e-01
9.271550195304727460e-01
8.982647112642613285e-01
8.669249528088744938e-01
8.342464025493208091e-01
7.992184897071548111e-01
7.619023738103922749e-01
7.229898275923571926e-01
6.820262517345248021e-01
6.392678674531332428e-01
5.944651752777532216e-01
5.474936572883882802e-01
4.992279772565607066e-01
4.491530836707625651e-01
3.972634400107367680e-01
3.442251341235433859e-01
2.894650459197453118e-01
2.336400956436497367e-01
1.769636407690627911e-01
1.186581767732144410e-01
6.031337219768503205e-02
1.820328560517704697e-03
-5.824039548225409119e-02
-1.178319541292721928e-01
-1.767194787251680776e-01
-2.364728364335038635e-01
-2.954944004762178333e-01
-3.533605966431329071e-01
-4.112287670841481280e-01
-4.683791448370467903e-01
-5.244732609030109405e-01
-5.797961453368171147e-01
-6.343555430566044651e-01
-6.880831897699429822e-01
-7.406383791784039161e-01
-7.927183317145605201e-01
-8.444124611232476374e-01
-8.949753339297091825e-01
-9.455502685928814932e-01
-9.959497004181815383e-01
-1.045228127681519625e+00
-1.095163118395902524e+00
-1.145416029466016949e+00
-1.194848202962845773e+00
-1.245331605693157595e+00
-1.296253015640258743e+00
-1.346545128653173107e+00
-1.398042082377847661e+00
-1.449858407619593059e+00
-1.501058711230247811e+00
-1.553452555440320237e+00
-1.606081644511060391e+00
-1.657816851231272093e+00
-1.710111397445662096e+00
-1.762280643270388580e+00
-1.813054091865413886e+00
-1.863630445945292591e+00
-1.914267745133048759e+00
-1.963499424242648672e+00
-2.011422800016369195e+00
-2.058742904715935129e+00
-2.103984747452522619e+00
-2.147041317495829382e+00
-2.190275380091240898e+00
-2.232526926573546344e+00
-2.272089047577471099e+00
-2.311189365152776176e+00
-2.349161162947478232e+00
-2.384362024115410872e+00
-2.419780884643078167e+00
-2.455078693346175012e+00
-2.487771637269595715e+00
-2.520434370450929329e+00
-2.553174510100342243e+00
-2.583715416875759896e+00
-2.614431964073169468e+00
-2.645569056744101921e+00
-2.674711317316772252e+00
-2.703556756412447637e+00
-2.732853529754101007e+00
-2.761000978507059056e+00
-2.788865403007684041e+00
-2.816551391514162894e+00
-2.842820027569779917e+00
-2.868701696559170067e+00
-2.894600749276682539e+00
-2.918776567718859294e+00
-2.940990861241254528e+00
-2.962201998384475843e+00
-2.981817835879848388e+00
-2.999135903922476309e+00
-3.014388860295711403e+00
-3.026898190601190031e+00
-3.036397245941779399e+00
-3.043353749279355647e+00
-3.046470636224126949e+00
-3.045717498269751911e+00
-3.042607142677961285e+00
-3.035521850203257266e+00
-3.023460250321397869e+00
-3.007895455581965471e+00
-2.988151323790396052e+00
-2.963723416836336444e+00
-2.934927156350235933e+00
-2.900628927141843061e+00
-2.861355755913895127e+00
-2.817113878419509554e+00
-2.766016660920657344e+00
-2.709051314724928439e+00
-2.646224736802782918e+00
-2.575039230897969933e+00
-2.496268819834546626e+00
-2.410454576705451935e+00
-2.315825041351806668e+00
-2.212380738086470622e+00
-2.099847200181563345e+00
-1.977700282743737104e+00
-1.846838780121491830e+00
-1.706652613929085405e+00
-1.557401021852704126e+00
-1.401880122945964313e+00
-1.240971996465737304e+00
-1.075645317111242782e+00
-9.093450002199818805e-01
-7.438343720286186844e-01
-5.803224255238270679e-01
-4.220958994062092851e-01
-2.709131414867017584e-01
-1.272227740750224434e-01
7.242865157428668432e-03
1.322356493381536269e-01
2.485432495945986420e-01
3.554030545519037410e-01
4.533959597881460080e-01
5.437841721258838135e-01
6.262617956103727623e-01
7.025665052931359122e-01
7.745147171653508078e-01
8.410063541415082611e-01
9.033398813059968502e-01
9.636553351800187794e-01
1.021034649845228737e+00
1.076666444278682411e+00
1.132337871960037212e+00
1.186846218011977427e+00
1.241308100772314571e+00
1.297486644110813936e+00
1.354437344384006536e+00
1.413524173039500731e+00
1.476311179830000375e+00
1.541330275917417447e+00
1.609026693108988937e+00
1.680517597276831365e+00
1.755089076636095591e+00
1.833290101585904663e+00
1.914907145271397049e+00
1.998178845017893002e+00
2.082806737519436791e+00
2.167586287924451849e+00
2.251048747126892735e+00
2.333442913854558931e+00
2.412708926134460086e+00
2.487153948653295643e+00
2.558377949150470343e+00
2.625144725942658575e+00
2.685591401734835237e+00
2.741334287275739356e+00
2.792490433985550524e+00
2.840006735286179751e+00
2.887166573981924778e+00
2.932487577947984647e+00
2.973669943648477698e+00
3.012804425744397108e+00
3.051421083092213937e+00
3.090512577934934058e+00
3.130575393008086849e+00
3.169581563751290521e+00
3.207733978383668028e+00
3.247025070347012043e+00
3.287566576752399605e+00
3.329622320446275374e+00
3.372127966112904662e+00
3.413463991009786369e+00
3.455653312583812475e+00
3.500603226668189460e+00
3.548035436990436331e+00
3.596762662133336175e+00
3.644106900718541819e+00
3.690332384640278018e+00
3.737733183884240695e+00
3.783963528666773879e+00
3.826165940710776869e+00
3.864814689547162008e+00
3.900248836377595563e+00
3.931682689182568691e+00
3.957061942148005773e+00
3.976242149802998949e+00
3.992776680912897280e+00
4.005814734668996735e+00
4.010226201346106301e+00
4.007616597313403695e+00
4.004384656728229963e+00
4.000086286627428933e+00
3.988392950956797467e+00
3.968988149980770430e+00
3.948130683564077259e+00
3.926948061688849023e+00
3.900484144562049504e+00
3.867426337112069401e+00
3.831572401835501740e+00
3.793897764855521437e+00
3.750467259500985140e+00
3.701219522834473086e+00
3.649575915440891549e+00
3.592769499835804847e+00
3.527904309762300183e+00
3.458030304114834141e+00
3.382625947481485706e+00
3.297033740174743155e+00
3.200124101763851314e+00
3.093918731687416823e+00
2.977240692577666437e+00
2.843330738187266782e+00
2.690995599351798884e+00
2.525739115181484529e+00
2.344889498160152463e+00
2.145154030327391492e+00
1.933246563308826715e+00
1.714087986058774993e+00
1.489420014773537915e+00
1.263378782005981860e+00
1.041220406452485037e+00
8.291559920098121594e-01
6.286468749680304002e-01
4.400372975900220807e-01
2.685390437208328707e-01
1.123258045649899728e-01
-3.260521606395247463e-02
-1.619477523328823332e-01
-2.763083796393069336e-01
-3.804040752237530243e-01
-4.740786345079278652e-01
-5.580687928011481835e-01
-6.337774111611490513e-01
-7.026766604205995082e-01
-7.662860856387229136e-01
-8.238336467083038350e-01
-8.777690517872186460e-01
-9.293104119560133825e-01
-9.761732771390305707e-01
-1.022165420311779815e+00
-1.068624897978092569e+00
-1.112323292166321309e+00
-1.157506084038739003e+00
-1.206653120142345381e+00
-1.256587492891477087e+00
-1.309156051457723846e+00
-1.367815772432369181e+00
-1.432072028552562104e+00
-1.500437156326269283e+00
-1.575210580734063281e+00
-1.657882401060179811e+00
-1.743053535774223173e+00
-1.830849162927836282e+00
-1.924472148682563333e+00
-2.015821115594330415e+00
-2.101724865351765281e+00
-2.186069384456822196e+00
-2.262953272998746712e+00
-2.329341170304274122e+00
-2.389066749462086747e+00
-2.440432037288103650e+00
-2.481662903009272725e+00
-2.515071529694083097e+00
-2.543989043927119109e+00
-2.568779148237876342e+00
-2.588431371059348951e+00
-2.607618277116475980e+00
-2.626686016884986596e+00
-2.642022261955657925e+00
-2.657936528041392688e+00
-2.673759019611279708e+00
-2.687626131529197604e+00
-2.705115060436579455e+00
-2.721618281062879063e+00
-2.734307317182854025e+00
-2.750135053104549865e+00
-2.766338737822815919e+00
-2.782065087101771361e+00
-2.799903883381743785e+00
-2.815094757518382895e+00
-2.831415244172196921e+00
-2.853765984825364477e+00
-2.879129371098365198e+00
-2.907215039172314164e+00
-2.934585084042543812e+00
-2.961416780616120903e+00
-2.992630196819324961e+00
-3.023636310986878684e+00
-3.052156946931877890e+00
-3.075189476776463149e+00
-3.086515105769428668e+00
-3.093143903446041953e+00
-3.094952934635072150e+00
-3.085258202278317707e+00
-3.070763768478313782e+00
-3.048484792147919009e+00
-3.013837880396759150e+00
-2.976216027981403833e+00
-2.935639542344381958e+00
-2.889639958150945098e+00
-2.837403856020476400e+00
-2.775808953159363934e+00
-2.714665617193630975e+00
-2.654474233761691782e+00
-2.583766542022393420e+00
-2.508290841786304348e+00
-2.432630109406753505e+00
-2.353762902503080845e+00
-2.271293618809738568e+00
-2.181968838279046974e+00
-2.092787200997364927e+00
-2.005970161212706326e+00
-1.910321920616500080e+00
-1.813694290062206838e+00
-1.721929464627104833e+00
-1.624886870720817500e+00
-1.526204025806136899e+00
-1.428734406559692749e+00
-1.329660199075124893e+00
-1.231821669006741837e+00
-1.131376211670875209e+00
-1.030228745400677548e+00
-9.334735151948283516e-01
-8.356461744535156333e-01
-7.395660624982660636e-01
-6.480847430947959120e-01
-5.574592811304870388e-01
-4.717388176552708146e-01
-3.904544460538150186e-01
-3.122649062387651275e-01
-2.402023645242844507e-01
-1.707171661080559844e-01
-1.061370423313119371e-01
-4.789171070655871831e-02
9.888527758049617256e-03
6.297746232159953661e-02
1.113478545081466320e-01
1.598251332580428730e-01
2.048786560699851489e-01
2.490219011720679054e-01
2.930699803767831679e-01
3.347915336209896786e-01
3.788141635806203111e-01
4.206680092558984785e-01
4.600572328980609971e-01
5.043801424526741517e-01
5.453557803366988477e-01
5.822528789137118022e-01
6.237678014487118006e-01
6.632459733165138038e-01
6.989453763054830349e-01
7.367750592907286178e-01
7.743642541977411309e-01
8.096151873286896450e-01
8.437619416224809710e-01
8.788481159965809697e-01
9.124960252606219013e-01
9.417814607196106635e-01
9.719596081887473815e-01
1.000497566409304318e+00
1.022773171152171923e+00
1.045298988581820465e+00
1.065501433238670748e+00
1.079623466746784333e+00
1.093097747141404508e+00
1.103963895628359282e+00
1.110958462363364374e+00
1.115962820020819590e+00
1.118694682460910084e+00
1.120951287313307176e+00
1.119535589855072288e+00
1.116994137411269961e+00
1.117240925650604844e+00
1.111198665216693193e+00
1.105142214615492113e+00
1.104787378764499728e+00
1.096500091876915439e+00
1.089051996656223098e+00
1.088217566386485702e+00
1.078749126265418301e+00
1.071002179385023734e+00
1.069815039498107190e+00
1.060862722746699571e+00
1.053670804763632729e+00
1.051999204237582308e+00
1.045051668238451859e+00
1.038512207214407290e+00
1.034438352148039808e+00
1.027517525363398132e+00
1.019543396765986154e+00
1.011545339669976062e+00
1.002293937981552308e+00
9.894737564036252264e-01
9.754974851503402933e-01
9.626050687985088228e-01
9.442927207346614171e-01
9.235992947115422291e-01
9.048319411308112237e-01
8.810341191674628814e-01
8.560612036802471847e-01
8.326996031607143411e-01
8.045169848103821408e-01
7.763449576041790978e-01
7.497501871466761836e-01
7.199623105684035407e-01
6.900489652226566850e-01
6.608223440523538494e-01
6.315219754545094988e-01
6.020155644826070684e-01
5.721282715077615766e-01
5.447504405042672415e-01
5.164878621037302109e-01
4.880167005362974764e-01
4.646087855087818186e-01
4.391256706136230092e-01
4.136617865850517606e-01
3.941519420876842816e-01
3.714595326026946531e-01
3.498219292346680387e-01
3.330509715816606375e-01
3.114489665886702174e-01
2.925709419573322978e-01
2.773573467944047688e-01
2.560598901716383824e-01
2.381544951297484836e-01
2.228313617373380573e-01
2.024768890839826474e-01
1.856384877299500635e-01
1.696577773283395596e-01
1.511618183917096403e-01
1.364016934752054488e-01
1.207323909251457189e-01
1.050301321400472498e-01
9.280107687535812944e-02
7.847023826776264310e-02
6.598022121241176041e-02
5.590482941619729501e-02
4.340026474520455174e-02
3.402502562248279488e-02
2.526202993138443667e-02
1.419950243912958439e-02
7.087076350058903185e-03
-9.053767238188532157e-04
-1.035286326957329459e-02
-1.553647380339083332e-02
-2.269602325895915193e-02
-3.012874385941820277e-02
-3.348971742481633013e-02
-3.959036248185618390e-02
-4.474853686630763522e-02
-4.595987448637818551e-02
-5.016746025651864366e-02
-5.294024903758701855e-02
-5.211416510015234177e-02
-5.416637449223658807e-02
-5.531066890848120726e-02
-5.364132775000403364e-02
-5.441926309906500864e-02
-5.518292029084568423e-02
-5.385466046822304231e-02
-5.427184495171877981e-02
-5.528504619020740973e-02
-5.460885552257289249e-02
-5.531791342990848709e-02
-5.666927354939516742e-02
-5.596187852920042616e-02
-5.685381715715060597e-02
-5.801665110637935913e-02
-5.615058146759643876e-02
-5.677115346550053870e-02
-5.710595587672188944e-02
-5.317071492489796464e-02
-5.286170246809650947e-02
-5.177777864459007923e-02
-4.586085980824339270e-02
-4.452663247322751622e-02
-4.154853495127441149e-02
-3.417658774632380270e-02
-3.219024392699585541e-02
-2.762958211774443548e-02
-2.013892643875925259e-02
-1.837040778898178101e-02
-1.314020341591083489e-02
-6.944394877192826623e-03
-6.166702751783721681e-03
-1.496694037988511444e-03
2.192518156092672713e-03
1.353396942420307791e-03
4.162879262119124554e-03
4.886460671541919751e-03
2.743155866214357346e-03
3.612868642534321738e-03
2.449103855678919431e-03
1.972378367920408875e-04
2.784465897560795401e-05
-1.191966845458887828e-03
-2.504494032327128292e-03
-2.865886350797876639e-03
-2.913919461797020386e-03
-3.241773151395509287e-03
-3.499252775031416220e-03
-2.398575728562668541e-03
-2.843725160707750565e-03
-3.043607909954912458e-03
-1.267873029623575601e-03
-2.723501872413595058e-03
-2.627810395292839649e-03
-6.197956377589630694e-04
-2.959563102798535000e-03
-1.668533633922864327e-03
3.969347102434951386e-04
-1.984604960782348701e-03
1.218559484785549946e-03
2.824981861857933825e-03
8.325018799934750385e-04
5.371622939181521991e-03
5.478235466466359165e-03
3.911252504766679454e-03
8.409570960634354941e-03
6.021247216182737047e-03
4.666691092257047209e-03
7.827820917130351788e-03
3.050002558911167790e-03
2.114912224166279765e-03
3.423721092504375917e-03
-2.502830186245978868e-03
-2.402678724576986623e-03
-2.492707862778611397e-03
-7.745224890100156981e-03
-6.015661909578613221e-03
-6.482250992976492862e-03
-9.519364410611049279e-03
-6.165996491764602974e-03
-6.356499615986476934e-03
-6.939144608164724698e-03
-2.816245677403825080e-03
-2.679633475950894857e-03
-1.715644008534109293e-03
1.911600826895624300e-03
1.946293763666776064e-03
3.184923875780852880e-03
5.585486082345825221e-03
5.188345330977452499e-03
5.821640532039889897e-03
7.060333018973618049e-03
6.064015601021256058e-03
