7.363453904844715920e-04
1.848285542574027232e-03
4.413515360302109128e-03
6.963713507005253600e-03
7.424739839315331290e-03
6.455631509333067779e-03
5.826033048618376245e-03
5.955480430408286244e-03
6.296387991268744683e-03
6.625325666832025846e-03
7.296082389545313282e-03
8.117036895845700789e-03
7.860929164334132246e-03
6.007227499257587061e-03
3.973183805719005326e-03
3.034619312226385490e-03
2.991466682766426646e-03
2.811599609371491330e-03
1.864130154399023815e-03
8.228818881419467301e-04
3.188543653614385660e-04
1.618094281634251336e-04
5.948992371011654673e-05
1.903070860415552461e-06
1.224470365567472145e-04
2.008618691161685060e-04
6.380308234030202886e-05
1.130537127005521932e-05
1.799173459422792230e-04
3.435547816680924876e-04
3.747758931558420261e-04
3.646645242394267209e-04
4.390023483789287011e-04
6.810215727139437309e-04
1.117164313402435214e-03
1.711256164978436269e-03
2.456691839802560388e-03
3.372305170235670099e-03
4.292937190360722986e-03
4.875796223879041991e-03
5.068364278441408501e-03
5.283991011590200189e-03
5.845421703338504575e-03
6.464250935679180347e-03
6.493384030128529494e-03
5.803376292452568953e-03
4.866725715700289528e-03
3.888974041228133657e-03
2.627271109551741844e-03
1.207187865207603452e-03
2.938414137713161274e-04
3.040160570530937398e-05
1.418769820633505550e-06
5.524170166559725268e-06
1.299154197295411409e-04
5.657338304297733532e-04
9.788170369693348100e-04
8.707715858435440340e-04
5.204637588335883939e-04
3.557765846830162259e-04
4.222020788728774615e-04
6.102230653252863199e-04
7.493834764826922280e-04
7.978648791058420668e-04
9.005126288785969980e-04
1.224992029313922651e-03
1.853539458953045241e-03
2.686367574878869170e-03
3.484894915464055356e-03
4.252272525579062559e-03
5.593648295659393345e-03
8.681480585360527510e-03
1.477128569114642340e-02
2.399386903039782415e-02
3.475007512068690324e-02
4.558489628493003765e-02
5.704654827713650372e-02
7.046101702064953842e-02
8.560812443664131410e-02
1.007606735124924324e-01
1.149090002288832152e-01
1.284783824815793341e-01
1.412877867568530788e-01
1.514263278889738384e-01
1.573820201766306381e-01
1.602052563372660943e-01
1.619167872845324041e-01
1.625648796454636780e-01
1.606816842409466706e-01
1.566477694908758045e-01
1.536814592624360098e-01
1.545732297142588807e-01
1.586790366892204818e-01
1.632227527741809681e-01
1.673936145749248261e-01
1.738109557260398286e-01
1.853181952829680845e-01
2.015647143795454843e-01
2.194396603982214644e-01
2.354819356522633300e-01
2.462931875223525469e-01
2.480237716719743413e-01
2.378795503760229302e-01
2.161322249211139468e-01
1.861778367296755832e-01
1.526364164894830899e-01
1.188514148356884376e-01
8.649952539381483563e-02
5.758625491061768881e-02
3.504223369585288128e-02
2.059471447077877715e-02
1.332414091408553290e-02
1.090648354137456824e-02
1.167147935587094579e-02
1.565699811917253131e-02
2.479240363469694189e-02
4.246709175634327815e-02
7.251265669865221419e-02
1.172579318301806145e-01
1.740260850673119586e-01
2.320170335068921785e-01
2.742929476274592049e-01
2.859763645587066194e-01
2.627634084858022079e-01
2.117214969579145623e-01
1.447592512532027142e-01
7.498543106858925056e-02
1.966340122922788369e-02
2.161846543600889166e-04
3.114225666234511289e-02
1.055882717813212829e-01
1.951961376955968497e-01
2.652823401637053879e-01
2.889747934536985863e-01
2.557580482590519622e-01
1.774840097788812077e-01
8.533116921031985713e-02
1.640837173095681042e-02
4.000125111213411085e-03
7.538622828506594264e-02
2.420095391220962455e-01
4.789016352538819077e-01
7.192584956051493172e-01
8.850562807203946614e-01
9.293223774229278922e-01
8.508222497897022230e-01
6.791962856114158731e-01
4.576651015699736980e-01
2.362925668907327192e-01
6.856954853594067478e-02
3.418155053926202566e-04
4.995938857667704680e-02
1.959250869128760786e-01
3.863559903267430040e-01
5.596080907763884005e-01
6.603949126568908756e-01
6.549579658413476890e-01
5.486524134398647057e-01
3.872675417714224189e-01
2.286176906152162791e-01
1.090500893278970596e-01
3.633854945922215807e-02
3.985527223149269022e-03
2.401775536486894062e-03
1.928697073147398258e-02
3.976777020409481833e-02
5.317771306801195863e-02
5.895665607081472526e-02
6.377709864541752927e-02
7.509861206288419300e-02
9.822648550009378809e-02
1.354185367919641114e-01
1.834094028826841749e-01
2.297250125246091956e-01
2.532442024366312605e-01
2.364626851421589016e-01
1.820949817476276711e-01
1.130293999963967594e-01
5.334534337902192835e-02
1.452626677845705351e-02
1.597174906820662905e-05
1.521002992582078453e-02
6.740263469684883157e-02
1.535945219926437566e-01
2.498120527229668597e-01
3.178581447151948014e-01
3.289475767605112844e-01
2.823290198951721175e-01
2.007401069592463783e-01
1.128954215085475332e-01
4.305867642777496535e-02
6.358536612054601148e-03
5.664630119899263187e-04
7.069684667543041368e-03
1.026699116810646586e-02
9.081950550281225193e-03
7.555837715239327110e-03
6.590494976396137246e-03
5.154839862848020933e-03
3.695284506812090627e-03
4.349260035139413706e-03
1.108649938241384678e-02
3.186708474633292987e-02
7.213808968087795370e-02
1.281989983836078206e-01
1.903160390682497871e-01
2.416895164647023808e-01
2.580077674334220195e-01
2.271353974301872358e-01
1.664554141236968265e-01
1.039610462987448913e-01
5.293391650778010021e-02
1.661729202344856479e-02
5.904290437376353206e-04
3.601550908152568575e-03
1.006159458790862118e-02
9.760246191623196677e-03
6.667156598942966007e-03
5.042307063947679829e-03
4.804041412665140121e-03
5.636205414200012864e-03
1.026639047970988664e-02
2.682175154366894104e-02
6.390393094975130306e-02
1.089976594022871448e-01
1.301271902699051297e-01
1.159928970635332457e-01
8.253936965314312424e-02
4.420306549197759033e-02
1.078809389017299121e-02
8.219730581534730705e-04
2.498619291304689238e-02
6.018238445822397809e-02
7.423357337416508495e-02
6.265508033550186429e-02
3.949854162066818164e-02
1.682402906536640055e-02
2.808323974644889691e-03
1.170475937033105870e-04
1.177944937302610306e-03
7.268936759320195416e-06
5.570978685070723975e-03
2.971172825268736731e-02
7.088145844956117436e-02
1.157435282867766702e-01
1.459356170990094015e-01
1.432197952558796894e-01
1.017120487533928475e-01
4.203609760229042730e-02
3.297454140941739192e-03
7.596660783392763724e-03
3.618022900828037069e-02
5.271692278067272031e-02
4.373959193387143285e-02
2.332249485040829504e-02
7.975859297435553691e-03
1.722650771480505397e-03
5.227738844093827823e-04
1.525778669590088224e-03
7.704444727090174923e-03
2.523248919952308239e-02
5.618129204930975146e-02
9.283442954067430697e-02
1.174699770398452692e-01
1.120552988219758322e-01
7.726322180603834022e-02
3.683257045086686665e-02
1.213233653327868561e-02
3.311968602483917560e-03
1.291844568170014401e-03
1.109284120682217135e-03
1.859721746342159893e-03
4.605627043476528959e-03
1.074773162571505437e-02
1.715409155130555308e-02
1.638870266623814603e-02
8.328267489876070573e-03
1.407890493275490732e-03
1.751455043804589257e-04
2.603676965039923488e-03
5.160778822218004165e-03
4.905740510579558247e-03
1.843342947430919292e-03
6.632992630832693642e-08
1.513949614228304397e-03
3.710085728650208432e-03
4.198920885999942766e-03
2.942844434147654474e-03
8.901286780395504085e-04
1.281158103565529878e-05
6.348999550745160767e-04
1.973608859372620564e-05
5.629442341733422069e-03
3.952818823801092923e-02
1.095603398832547537e-01
1.914273860746127376e-01
2.495512848184512356e-01
2.606620682015879931e-01
2.220712720496022807e-01
1.540828684979383689e-01
8.953988506998367125e-02
5.000499476573190549e-02
3.648520504735750652e-02
4.374465319623113690e-02
7.158512575956255120e-02
1.178052116548554268e-01
1.666402772825327505e-01
1.922739317799685987e-01
1.790492028713231432e-01
1.360472226867703860e-01
8.761699519530818936e-02
5.277272955553848760e-02
3.684545421611246097e-02
3.876770676990629050e-02
6.124140753745391241e-02
1.100784786008186661e-01
1.786647764957998707e-01
2.340820340153252632e-01
2.314118879133107431e-01
1.553863018525119266e-01
4.991258105137725415e-02
1.483667821062468269e-04
7.997656426977681199e-02
3.109098417591933949e-01
6.546318803594203262e-01
1.027746755333374784e+00
1.338805854227596237e+00
1.544577486070593419e+00
1.671515373318416264e+00
1.762112392684838102e+00
1.795450208912067414e+00
1.671393128042231835e+00
1.305510570638314327e+00
7.553546657540902709e-01
2.306716316184604376e-01
1.419309924521910817e-05
3.120423659501900260e-01
1.307484049760520017e+00
2.855797684330227515e+00
4.482709188879466566e+00
5.607713138643601880e+00
5.908017554706846752e+00
5.411866923298381593e+00
4.323920207271308769e+00
2.899016986316981903e+00
1.459904432524395945e+00
3.878333840637665508e-01
2.169973164133645539e-04
4.456031708551379533e-01
1.714829089430135234e+00
3.668606337057128020e+00
5.975851383177940512e+00
8.059121929023888242e+00
9.229265892914924052e+00
9.004773209731284922e+00
7.390857826407217779e+00
4.915401025622541553e+00
2.404374107569541508e+00
6.286086114860479634e-01
5.505532196808288247e-04
4.709431889512740166e-01
1.650167930183377818e+00
3.039279408064636367e+00
4.214562585253704974e+00
4.897655043230954242e+00
4.954818495119995170e+00
4.396770537513168264e+00
3.384821781893155190e+00
2.190345132037170295e+00
1.098801334080404146e+00
3.274193061573457131e-01
5.942122356188593579e-03
1.623166053795850605e-01
6.699211031581495668e-01
1.254805371568539440e+00
1.655386358413280856e+00
1.800699887921643150e+00
1.806514758808472232e+00
1.832959022194214471e+00
1.983210172402057658e+00
2.288761950034069237e+00
2.714974940583544605e+00
3.154100625487360698e+00
3.435174080707528166e+00
3.389978150884300767e+00
2.952478328352392545e+00
2.202227135232074140e+00
1.327208679567488003e+00
5.530354405185524680e-01
8.136147102971692802e-02
3.734910628447146025e-02
4.401791090073701729e-01
1.215137698186086634e+00
2.209896941313103991e+00
3.173414351849082493e+00
3.759275417277685882e+00
3.666706158900324031e+00
2.871785913885826158e+00
1.707429323088886619e+00
6.655326420727852854e-01
9.153899698509539162e-02
2.398249463872702963e-02
2.422818624727351156e-01
4.477005153459493458e-01
4.621831675339652112e-01
3.129527853609789800e-01
1.399333729150300243e-01
3.843863948599646890e-02
6.007240321304375963e-03
1.716053863086666525e-03
8.308123951934760776e-03
4.916370518214575186e-02
1.751077993117394205e-01
4.180820700451947092e-01
7.253367480379773191e-01
9.598734882026361825e-01
1.002566815618298746e+00
8.384714378269765289e-01
5.408339482472248605e-01
2.245515073097840431e-01
2.341146748277177225e-02
3.344068111821858758e-02
2.234661697896548338e-01
4.416710439150251521e-01
5.398856831057766703e-01
4.652206575870507232e-01
2.622332785014395706e-01
5.707183889181181857e-02
9.292052413332075461e-03
1.763349398125917122e-01
4.233813488146584980e-01
5.455267494940504447e-01
4.647560861014681799e-01
2.643560560035217444e-01
8.132354772063109249e-02
2.264410851175792296e-03
2.222200091537569755e-02
7.316990252243374404e-02
9.597766429895943086e-02
8.222134617448186023e-02
5.494318424276111584e-02
3.505518575077230803e-02
3.133919314717096422e-02
5.170865436808208537e-02
1.155045792195704413e-01
2.336323116360880803e-01
3.644751575213512895e-01
4.222881526067853719e-01
3.529528754787747968e-01
1.877301432156147365e-01
3.244054789847543308e-02
1.905495799322507247e-02
2.251732460222515275e-01
5.879879508870894389e-01
9.136182494329954107e-01
1.017195393465398112e+00
8.607763549064020303e-01
5.589964832260518879e-01
2.739795655944957109e-01
1.017870367262527914e-01
3.610706716052766718e-02
2.675164703088687632e-02
5.162352509441599235e-02
1.126587194775697937e-01
1.863301364170628083e-01
2.186358243617831931e-01
1.740700472716926461e-01
7.741214212812909390e-02
4.891219359431332389e-03
2.929764141722860163e-02
1.587944914394469886e-01
3.193184755460833912e-01
4.021730690758921756e-01
3.457980993089744270e-01
1.876622781253610428e-01
4.030069221716995470e-02
3.297153755377865876e-03
7.636438077149822201e-02
1.530812162413891508e-01
1.288961050449827228e-01
3.366327302188926174e-02
4.936266754500713561e-03
8.402620302768668004e-02
1.299446535081573428e-01
4.750660649347690501e-02
1.409554216315388186e-02
3.073641186733390152e-01
9.129377166844635516e-01
1.430366319206153980e+00
1.426527875442772597e+00
8.762489181145128869e-01
2.316591282479288361e-01
2.080569594578553921e-03
2.418473027739366787e-01
5.280231068174974229e-01
4.714740054387531187e-01
1.529895396831938148e-01
5.249967454378330449e-03
3.404495290435883281e-01
1.047746599664261646e+00
1.702222411886092690e+00
1.918683468259291258e+00
1.625915364761933102e+00
1.059019044613358274e+00
5.292026904558786438e-01
2.059968940112013036e-01
7.709063282227480995e-02
5.920173404012236962e-02
1.309866375583245424e-01
3.630388516415385403e-01
7.930494481911024574e-01
1.259359074984078619e+00
1.430454901108305643e+00
1.102945685080141569e+00
4.780628912031263389e-01
4.021124959963585932e-02
8.466934142350923675e-02
4.208980427074356379e-01
6.190683268652688032e-01
4.842961428663920542e-01
1.915333211301366856e-01
1.312017553145774368e-02
2.678143020829158727e-02
9.559950222140509157e-02
8.028451066799212332e-02
1.356914490470647640e-02
9.341704408053569386e-03
5.636166431286145778e-02
4.904629495419524088e-02
1.452650278238365716e-03
6.380235527729806455e-02
3.091302669465945674e-01
6.191831497424377106e-01
8.149250017101521415e-01
8.434682807086669731e-01
8.029154624386167782e-01
8.264810210473270136e-01
9.952305126748859365e-01
1.314099356071271485e+00
1.696941818961005266e+00
2.004441743666946163e+00
2.133988795791321280e+00
2.049701999130356000e+00
1.745376117490311074e+00
1.245186343934519657e+00
6.528217134571394631e-01
1.678231522047479163e-01
1.845069334507134194e-03
2.481937619182549293e-01
8.074574877971418818e-01
1.410872861513154941e+00
1.744490739723854711e+00
1.645638763422129447e+00
1.229655277078458564e+00
7.813970325493735380e-01
5.057859434471029259e-01
4.353833957042450575e-01
5.277119589793860532e-01
7.024484739245853149e-01
8.022391493356244574e-01
6.791010892389441889e-01
3.596044806030618823e-01
6.253720057179276703e-02
2.527386561829270128e-02
2.946566599631753602e-01
6.855939822710696019e-01
9.734051342483504010e-01
1.098243204813708740e+00
1.145158667617494741e+00
1.198563924905015732e+00
1.267433959426711443e+00
1.311065498482067326e+00
1.289478646224428093e+00
1.175105067435815220e+00
9.431527456407080567e-01
6.090417939703720585e-01
2.781894642586907329e-01
7.415518307950895449e-02
7.557241878909711635e-03
1.929592901431117258e-05
2.588044641624247697e-07
2.953055377230211047e-04
2.292003625009999353e-04
3.881405029861658817e-04
6.916662757160496264e-03
2.849647578697128703e-02
7.307589610758299936e-02
1.434338226890470858e-01
2.332670247626724702e-01
3.255195525436257453e-01
3.906043325227405161e-01
3.958622384264043337e-01
3.356856186531549380e-01
2.459462409573603403e-01
1.696641675188768628e-01
1.200159448532082951e-01
8.517238828163116449e-02
5.259768686295417106e-02
2.308296078597811204e-02
4.249310882924828801e-03
9.679437143450805641e-04
2.242143492230616944e-02
8.809021850482627591e-02
2.030697418743293570e-01
3.245286693698301028e-01
3.911307063340664913e-01
3.925473187941664333e-01
3.759003610537116069e-01
4.004455554666920825e-01
5.208627296455947686e-01
7.967798418386662362e-01
1.260623794619309512e+00
1.813827592300255365e+00
2.173845371692451955e+00
2.058394603121834532e+00
1.481090258717190355e+00
7.651238170867920019e-01
2.426590320306949711e-01
2.176444583082592921e-02
1.267602848048384433e-02
7.493181209876850768e-02
1.265815721560307749e-01
1.640775402683055939e-01
2.206499447191030416e-01
3.251803618659411255e-01
4.759660856393018169e-01
6.338732655836086805e-01
7.602111943136550254e-01
8.555250033955986710e-01
9.465725510163874867e-01
1.051692658401373048e+00
1.166959693362560779e+00
1.266973999203302448e+00
1.303430841634718895e+00
1.211126338671848934e+00
9.577543784436278740e-01
6.027241801510674346e-01
2.776545323867263271e-01
7.825071573830344462e-02
4.766191358857778913e-03
1.044706655169159656e-02
6.365352614859219604e-02
1.561502366778612927e-01
2.755874724054469538e-01
3.835855702951557755e-01
4.285058058616293963e-01
3.856457383353295021e-01
2.838670438783766348e-01
1.827155251803136427e-01
1.219099600787450222e-01
1.045785611044814933e-01
1.173927504083265849e-01
1.422519961822718282e-01
1.615084824787755835e-01
1.723838661227196645e-01
1.857543946949904989e-01
2.073223028489256936e-01
2.200813099010151819e-01
1.860126724678476673e-01
8.865176894086727877e-02
2.187729731231441519e-03
9.152120112589090528e-02
4.751184459194359166e-01
1.060068953678244608e+00
1.556406703173530248e+00
1.699265696554297156e+00
1.453982087510093724e+00
1.000813709929370798e+00
5.593305128273058369e-01
2.514587588142121466e-01
8.855756470544264014e-02
2.485299374012333098e-02
8.051631544959520284e-03
6.812405484349287783e-03
9.637541527405323744e-03
6.493324400029601429e-03
2.249292264800027078e-04
3.668706212437031905e-02
1.662119643122047796e-01
3.703632233659107098e-01
5.803148153710697699e-01
7.504749292558313689e-01
8.704594114584842668e-01
9.303572212033005551e-01
9.158039963637317760e-01
8.370452621663496684e-01
7.373707656430824597e-01
6.639329894328614978e-01
6.406856096354930363e-01
6.647936821482084424e-01
7.116446700394432057e-01
7.418074662698403987e-01
7.192494551110516499e-01
6.333768368622884060e-01
4.976612615574457776e-01
3.283833982173561261e-01
1.472122033089996729e-01
1.631453140801526411e-02
2.949526885976895899e-02
2.051334592315591510e-01
4.167651744899312227e-01
5.104392748616362052e-01
4.606898520119229179e-01
3.557815162682020915e-01
2.848699033018464721e-01
2.908450536153396326e-01
3.939099115618520108e-01
5.907623906134951142e-01
7.988611954714961438e-01
8.616157899826419886e-01
6.977081705424109659e-01
4.083249788639536915e-01
1.666702556378892863e-01
4.729071886058975466e-02
1.253763970523044148e-02
8.855610113131087702e-03
1.682304927539884573e-02
2.875016787523408668e-02
3.200918042663137425e-02
2.510282105564335536e-02
1.897362647626567311e-02
2.032243705085600566e-02
2.686174228739090369e-02
2.521947666408555500e-02
6.838464335262099160e-03
5.751111618121450449e-03
8.150262016221521133e-02
2.408583584029113378e-01
4.134004300866139792e-01
5.254689167626994672e-01
5.737871691733089641e-01
6.105250477202683879e-01
6.803905163127599298e-01
7.793861347110668802e-01
8.517104341091167319e-01
8.295691738748210975e-01
6.909712459688234221e-01
4.770776122629069582e-01
2.598954813229329419e-01
9.872051220523994641e-02
1.533746790437123808e-02
3.448637431156857669e-03
6.109745952152002141e-02
1.994759193623970861e-01
3.926892467333088499e-01
5.273191920622858353e-01
4.926017644886723779e-01
3.310678458386774325e-01
1.874729431304724137e-01
1.390653856571597291e-01
1.964862711078082247e-01
3.782966126372713789e-01
6.384413735595352302e-01
7.918901981583577054e-01
6.687024415072635453e-01
3.440839547181887004e-01
7.672913855524346460e-02
1.441996325805838039e-05
2.175986287231137725e-02
2.603272577786861983e-02
7.521263774153697998e-03
7.217460359022709611e-06
2.692063497001965047e-04
5.377451318406002191e-03
6.992027039100630337e-02
2.428117071238588276e-01
4.470549301331842029e-01
5.425163402529458168e-01
5.134133903032180868e-01
4.684696427589410961e-01
4.998985131679422045e-01
6.255001631112130367e-01
7.857207863733004505e-01
8.653811386830345675e-01
7.790361706311682566e-01
5.462990020718722084e-01
2.785825005251354458e-01
9.095870405739246711e-02
1.427614347838188948e-02
2.534308896897057147e-04
3.633912631721828487e-04
5.918399281412705824e-04
6.991578896776810825e-04
1.891139817607600398e-04
2.135632114193578360e-03
2.680912548205015289e-02
9.194852365006581096e-02
1.625490903912456542e-01
1.762102479665476895e-01
1.250551020453388174e-01
5.697666452698326583e-02
1.201453145357535626e-02
3.841215717676539653e-04
2.200516989594666906e-02
7.117156404906925526e-02
1.190151801550271560e-01
1.209273975704239223e-01
6.894298384374339395e-02
1.338082223538449890e-02
1.437267207165838839e-03
2.029535177890603656e-02
2.855271751440153355e-02
1.631063254751255812e-02
3.828621849004828180e-03
6.499153338336984649e-04
2.897211947312322566e-03
1.980723116281423585e-02
5.698580330974247626e-02
8.175515719903533873e-02
6.029292898362593328e-02
1.727041032722401170e-02
4.127531031464796932e-06
5.461589225700686639e-03
3.407266678601027741e-03
1.161904349872353373e-03
2.156075498645242811e-02
4.720266011888243213e-02
4.679246598406435614e-02
2.800810747386941676e-02
1.771266239676300147e-02
3.177398643904632419e-02
1.080555110077178055e-01
3.014740208273327116e-01
5.655954737056766435e-01
7.031387944359629438e-01
5.618776860796328432e-01
2.527089193097352693e-01
3.567516378251756742e-02
4.990656260293592668e-03
3.433850525918909907e-02
1.986567268961372118e-02
3.786443729956659584e-05
1.104702066970113250e-02
9.484392228612029824e-03
2.461982600190725824e-03
7.165903902011358517e-02
1.968215099051494610e-01
2.441805135420543338e-01
1.755404369756347061e-01
8.622188866434897514e-02
4.391664025544458200e-02
4.402313079108069460e-02
7.056426228477598317e-02
9.167580187165133565e-02
6.384421177955657001e-02
9.264105884877638086e-03
1.441775492141127678e-02
9.183953840631862986e-02
1.299162058265211916e-01
6.585508690739760862e-02
1.783110677919218885e-03
2.802192530390828010e-02
6.616809982661331357e-02
3.245557843489561833e-02
3.441023757906928274e-04
5.553931196561935624e-02
1.433970616982210566e-01
1.785235904132049245e-01
1.752756568074977650e-01
2.046291989645043219e-01
3.329713441025312637e-01
5.924041955547703076e-01
8.809679157493992552e-01
9.609253484819090252e-01
7.186911067376000606e-01
3.412420365403824318e-01
8.871838580721824741e-02
9.256594086951050460e-03
4.784655441615261900e-04
1.073717202026207252e-03
1.356311411575843737e-03
1.853969082030459048e-03
4.686698119683719438e-02
1.748565272169880225e-01
3.012480535809921034e-01
2.895609796300690486e-01
1.515953315653220668e-01
3.251820806377383327e-02
3.555919539989859193e-04
3.397270565377229711e-04
5.316828506161904930e-03
5.197861355128295668e-02
1.254630528564790459e-01
1.474560046691944515e-01
9.468349882821786023e-02
2.957469787867761379e-02
2.416078127412243839e-03
1.633502641243982353e-05
5.065258201359570511e-04
7.800692186592285589e-03
1.668076040396051021e-02
9.941565896282464343e-03
1.526244741630618359e-05
1.199843597243733552e-02
3.361594748878759392e-02
3.712506648527151565e-02
2.619045346724685822e-02
2.177091140955910234e-02
4.105332417202632589e-02
1.173186959489794373e-01
2.833888231849215344e-01
4.903804679670429878e-01
5.966111355507794922e-01
5.076294896431849946e-01
2.959961720911667427e-01
1.154382654010935177e-01
3.303531550704406211e-02
1.358050719337624418e-02
1.724213393983227080e-02
2.738237325507549350e-02
2.245050625714326356e-02
2.569402763678550663e-03
1.138718167123104960e-02
6.249598185970225983e-02
9.086031163461696925e-02
5.100348266507746808e-02
3.080578613254442068e-03
1.545459423967933919e-02
4.961492515837257616e-02
3.890344938206398429e-02
6.698318263564879971e-03
9.727193395319427447e-04
2.619882441797568608e-03
1.994800381341004913e-03
3.480581676640383954e-02
6.514599319150654599e-02
2.862686395621686156e-02
2.353786409604952893e-03
7.855592938869200570e-02
1.580161245235879863e-01
1.244971149757041345e-01
4.307778513775956802e-02
5.780834415350451401e-03
1.416839296065474469e-03
7.739212036748886574e-03
2.590947817122757693e-02
3.705203741836404774e-02
2.849750070777271049e-02
1.585873153291007115e-02
1.216318639066377855e-02
1.918889138392734436e-02
3.525844036650352398e-02
4.833239645856506062e-02
4.668184554994488089e-02
3.696538229346824078e-02
3.281196534766674111e-02
3.926807812431680478e-02
5.013019823538243658e-02
4.879669488029804436e-02
2.862353468868940667e-02
7.216896380147442593e-03
2.237371474946961265e-05
2.165229876788210463e-03
4.969321451275647561e-03
6.970413757800674598e-03
9.672798216269977434e-03
1.484731438278059923e-02
2.648984458973308032e-02
5.232061239664383828e-02
9.461304503940631827e-02
1.274636867421154729e-01
1.067243836033770488e-01
4.083214909793959208e-02
8.945309302625048748e-04
1.081013929647250266e-02
1.730929731774188615e-02
2.539274353230809404e-03
5.443001289638577274e-03
2.230937794770996782e-02
1.344974169040073254e-02
4.158064567261907855e-04
3.735825709389376664e-02
1.006824644974931016e-01
1.154876831447459590e-01
7.407444680917560365e-02
3.286004192865560336e-02
2.152549240891550239e-02
4.390282241981835476e-02
1.203087775152375388e-01
2.408876404829035922e-01
3.361943647087746179e-01
3.656994184806133252e-01
3.741558100385130037e-01
4.311487457913013022e-01
5.594354515557226071e-01
6.863649187022220488e-01
6.656348416006057089e-01
4.482484160586840405e-01
1.822013439984694061e-01
3.192564397977540325e-02
2.135136157896455665e-05
6.251201257227021434e-03
1.461152225238505908e-02
3.551990164907835312e-02
9.881235588063398689e-02
2.241654652035608430e-01
3.668179741026103557e-01
4.379604186496586782e-01
4.058846379123919323e-01
3.237025839712227016e-01
