1.462213751780544191e-01
1.130492469402800265e-01
7.752443686095199238e-02
4.711921784652407103e-02
2.532239411062934750e-02
1.204076305039711650e-02
5.137526274634322994e-03
2.062779889094757714e-03
8.622740168879579423e-04
4.196235550642694401e-04
2.267782105865865153e-04
8.940425662253371553e-05
6.286757074462569591e-07
1.587816187801270281e-04
9.609591108767029464e-04
2.846935615612741430e-03
6.024415166769219072e-03
1.023677611304681274e-02
1.473856162673355466e-02
1.852470896144871315e-02
2.070593014888984229e-02
2.083878546319509542e-02
1.905286846708936777e-02
1.593710947494457117e-02
1.227179137975173764e-02
8.750927909806964500e-03
5.811445129123388349e-03
3.605654291744953954e-03
2.078428667258327804e-03
1.079483825158504247e-03
4.561852069264981909e-04
1.070115345883297355e-04
9.226844581225800927e-07
1.721726040265505423e-04
6.930208236215443674e-04
1.624822856010541472e-03
2.958242856848219363e-03
4.567774861042104943e-03
6.209204427839181903e-03
7.572768156719257050e-03
8.376205397164777910e-03
8.458195682900678664e-03
7.829671797197068628e-03
6.660917689917490898e-03
5.214001739555273150e-03
3.754399588117901011e-03
2.479985373675261829e-03
1.490461477840136816e-03
7.973772790790956003e-04
3.579443247714754060e-04
1.120378768854874243e-04
8.748744859798321749e-06
1.874624789543517670e-05
1.348380367783041695e-04
3.641297423084953618e-04
7.142803889859928018e-04
1.177038862251586580e-03
1.714835873949862623e-03
2.257724916746247940e-03
2.715270789139065822e-03
3.001081580113964739e-03
3.060352114133042985e-03
2.887970341074296964e-03
2.528777592351301971e-03
2.060329015803815788e-03
1.566758254832107582e-03
1.115411398075179987e-03
7.446522622308758468e-04
4.644736364244758057e-04
2.657034113300493403e-04
1.315900165737777833e-04
4.721159928768119243e-05
5.056019332123444668e-06
6.888791638600766971e-06
6.211855798223129210e-05
1.825403424435482602e-04
3.740812232711432849e-04
6.281190246158832331e-04
9.165945194544646447e-04
1.194642604301133755e-03
1.411326840123790487e-03
1.524803360336761436e-03
1.515489038290465272e-03
1.391433718388415675e-03
1.183852343802634793e-03
9.354489609037011915e-04
6.870924318376729753e-04
4.681916096628698475e-04
2.933851537033455264e-04
1.648639868342516410e-04
7.762568651696900835e-05
2.483490296869207312e-05
1.556527599376954544e-06
6.309373196811667485e-06
4.051760723581273140e-05
1.061717664718829350e-04
2.023554178626067767e-04
3.219133620506020696e-04
4.499944441298160420e-04
5.658421080404743477e-04
6.478362506136035957e-04
6.800253646551912513e-04
6.573201580228536746e-04
5.869385064461771608e-04
4.854648542974184097e-04
3.729969503000468830e-04
2.670727196975946315e-04
1.787822698521696323e-04
1.120263669245907286e-04
6.527908774528348810e-05
3.436163321249992265e-05
1.489220840618209314e-05
3.808915060148235071e-06
1.245260999970484704e-10
4.253812181164385242e-06
1.859093756290683755e-05
4.497832019209929060e-05
8.366242952156748274e-05
1.317723034180669011e-04
1.830020863298492824e-04
2.288208210514025066e-04
2.608910830931153620e-04
2.736779305161808748e-04
2.660686167085417114e-04
2.413247770123255027e-04
2.055368936238585644e-04
1.654259207443572457e-04
1.264790684209616113e-04
9.203303933167319051e-05
6.335097552017326201e-05
4.033566923388028704e-05
2.242958831503504981e-05
9.373045304615832654e-06
1.635066059407895320e-06
4.036750696889119919e-07
7.081983196708888383e-06
2.238682771922263242e-05
4.538408386870359222e-05
7.296591939835214539e-05
1.001932072872554292e-04
1.215477072874608248e-04
1.326443048362499510e-04
1.316489827095962580e-04
1.197493015552299867e-04
1.004928370153642991e-04
7.836779412790070344e-05
5.731909053057370384e-05
3.981109340755066480e-05
2.666565244350746071e-05
1.749133335261621774e-05
1.131784619069183569e-05
7.117181317310539333e-06
4.102149301178570726e-06
1.857814132922989189e-06
3.843790118609570743e-07
5.583210773536024025e-08
1.445856631038074885e-06
5.017315493415010139e-06
1.078244199472926822e-05
1.811324787448710438e-05
2.583484549007331919e-05
3.258386025532894969e-05
3.726091251162913065e-05
3.935621862958224614e-05
3.901028624874549905e-05
3.682349271172069652e-05
3.354670420632181618e-05
2.980692061652099668e-05
2.596070411406146134e-05
2.208739252921973047e-05
1.808757853638809558e-05
1.384502923348077257e-05
9.409874393877430492e-06
5.142676942006189602e-06
1.737529534246488360e-06
5.950459859442327757e-08
8.112712789208663359e-07
4.154919166677049618e-06
9.483605783804208278e-06
1.549925715520781159e-05
2.060854786970288237e-05
2.347722419901495319e-05
2.348854525357886594e-05
2.089725288494668001e-05
1.663007298771953816e-05
1.186047817205708007e-05
7.577002734652168370e-06
4.328844250097151464e-06
2.208838758385602980e-06
1.007313431272698012e-06
4.115776078892033677e-07
1.496909166369795229e-07
4.518848707596174971e-08
7.483631806505473897e-09
3.813958556917836970e-10
1.525589784739131301e-08
5.306217247190494881e-08
1.108423576747409985e-07
1.734280293880942793e-07
2.159052572429698186e-07
2.174228902467817510e-07
1.763550506174089486e-07
1.130647232550879042e-07
5.599056603156060199e-08
2.221926101257203602e-08
1.038060489220536648e-08
1.368255034948669036e-08
4.165903689348809957e-08
1.280233642714170217e-07
3.107319395360258183e-07
5.938989429607540203e-07
9.205511362113619437e-07
1.182892264728728524e-06
1.271922873226316526e-06
1.138589051213395530e-06
8.268736796822406724e-07
4.553499321050005625e-07
1.568413309836756941e-07
1.256046063273912628e-08
1.914001064134796103e-08
1.043093907887718338e-07
1.766746369448297718e-07
1.776526922974787954e-07
1.083142943168305107e-07
2.381592376180804724e-08
7.662198580615392755e-09
1.452241063979579076e-07
5.095325887155106491e-07
1.159851609405345724e-06
2.143559006314090675e-06
3.488681378406966030e-06
5.178094458289826338e-06
7.106075340138131955e-06
9.032850661407180608e-06
1.056919251357075516e-05
1.123079519409480357e-05
1.058766141043110744e-05
8.490965496063320673e-06
5.301358296307458658e-06
2.000203622629991488e-06
7.445571425740119940e-08
1.141754724756007716e-06
6.401701728270472409e-06
1.610575152849896377e-05
2.927037296352819748e-05
4.378637940067865676e-05
5.692533283333143325e-05
6.608023800354049127e-05
6.948029910303523250e-05
6.663377970953803420e-05
5.836857196261543404e-05
4.649868471262123137e-05
3.327354194474662534e-05
2.081568955199482868e-05
1.071502609610763387e-05
3.856932502019747545e-06
4.663082845963952829e-07
2.877515184105030498e-07
2.807210002142840734e-06
7.442231011656230754e-06
1.366510189410127393e-05
2.105645199252923660e-05
2.930641714912333960e-05
3.818578988413656088e-05
4.750548022819052664e-05
5.707482463870333390e-05
6.666215851420276045e-05
7.595716899988463444e-05
8.453498080091949936e-05
9.182661718809036005e-05
9.710807890154863080e-05
9.952799148863145573e-05
9.819734639362986647e-05
9.235936878896711198e-05
8.163926522153148633e-05
6.634292455554756862e-05
4.773760011498421620e-05
2.821984536088465540e-05
1.127259704228141774e-05
1.145191082778702489e-06
2.255458977196785655e-06
1.839475760796078577e-05
5.188741269235304891e-05
1.028891508777461796e-04
1.689911722784266407e-04
2.452333578300551660e-04
3.245438583560279647e-04
3.985409621844307796e-04
4.585780871958621430e-04
4.968908361114292727e-04
5.077085840374861775e-04
4.882068928848790242e-04
4.391885661490009139e-04
3.653879740024715077e-04
2.753048560977529422e-04
1.805062027340327774e-04
9.440060246216052655e-05
3.058736350882399087e-05
9.924193810538108582e-07
1.408898429245176534e-05
7.352562583766168096e-05
1.774259800623177762e-04
3.184899368139650316e-04
4.848534975092312822e-04
6.615089057242209882e-04
8.319985435356423015e-04
9.801000684750106259e-04
1.091305278942505909e-03
1.154020159628428924e-03
1.160524739905481519e-03
1.107783067123342463e-03
9.981639641590909356e-04
8.400316874073945504e-04
6.480310230721071348e-04
4.427826583240874266e-04
2.496839757011798996e-04
9.662061898844878790e-05
1.063619883231478361e-05
1.392773841979890305e-05
1.198329232286598090e-04
3.296377756183767370e-04
6.309782028007550597e-04
9.983263606732704475e-04
1.395617347672895936e-03
1.780616246095531163e-03
2.110288264338424941e-03
2.346303924625609254e-03
2.459893399717909268e-03
2.435490013163857381e-03
2.272865796867760361e-03
1.987667751506208644e-03
1.610369762745543542e-03
1.183683879969842914e-03
7.584949555083995813e-04
3.884728411951526546e-04
1.237205196604910585e-04
4.112583283031900791e-06
5.327272626474085934e-05
2.742947197512354590e-04
6.482052527143837128e-04
1.135751751285641502e-03
1.682442376780964423e-03
2.226045052120849584e-03
2.705191542208987363e-03
3.067514464896658848e-03
3.275935529559259943e-03
3.312244001461384611e-03
3.177768591116754155e-03
2.891538227463241739e-03
2.486688194482543704e-03
2.005946537851603737e-03
1.496889044835150295e-03
1.007403828231502726e-03
5.815890147070889313e-04
2.562028976297185722e-04
5.780501197935860582e-05
8.097158022646607308e-07
8.672520185659161624e-05
3.047859981305029624e-04
6.339778964448905194e-04
1.046150442773044389e-03
1.509624906865580669e-03
1.992558802488050146e-03
2.465398760235222152e-03
2.902035255565332643e-03
3.279679668377304645e-03
3.577892424725624514e-03
3.777487073976181896e-03
3.860143776502863652e-03
3.809449085363230281e-03
3.613727657009371992e-03
3.270473044045834124e-03
2.791514270483947454e-03
2.207459129470133556e-03
1.569683910527842679e-03
9.484072684700253601e-04
4.262412489224878744e-04
8.785236699214427330e-05
7.573024450214845383e-06
2.375125004112927513e-04
7.986318153656772698e-04
1.676396412665813549e-03
2.821354185169951297e-03
4.153812177384095042e-03
5.571136536082254079e-03
6.956249978209229183e-03
8.186508256881499038e-03
9.142930058926522149e-03
9.720294097584030249e-03
9.838567501601320694e-03
9.455389744720720663e-03
8.578103043654500270e-03
7.272565968760254240e-03
5.665331888769776537e-03
3.936253328136789242e-03
2.300366976525717796e-03
9.806613850642344806e-04
1.761652935033632334e-04
3.165061872792511297e-05
6.153106897279943255e-04
1.908900082577002361e-03
3.811629691850263683e-03
6.155743660883565734e-03
8.729329696492720350e-03
1.130122577168987154e-02
1.364386048143891028e-02
1.555185084396604883e-02
1.685624431654870678e-02
1.743561061208431101e-02
1.722534684409727374e-02
1.622564525119301118e-02
1.450710801539352272e-02
1.221173569738114029e-02
9.546681769702457590e-03
6.769138613100318842e-03
4.162833876546258652e-03
2.009140371338914016e-03
5.576989034578893646e-04
1.830096081375749885e-06
4.625709848910045108e-04
1.982403892192859726e-03
4.526738428833024415e-03
7.989181438871843094e-03
1.219642475446648666e-02
1.691035284178874984e-02
2.182817055298987702e-02
2.658489189149560936e-02
3.076504947064306189e-02
3.393063650051909158e-02
3.566917138004931098e-02
3.565944743514407045e-02
3.374448159460734925e-02
2.999424859958784578e-02
2.473832171378563538e-02
1.855285395940314136e-02
1.219723669613939979e-02
6.510054157129958712e-03
2.286392956710199282e-03
1.641835719681406663e-04
5.436851847995603348e-04
3.552937901071199795e-03
9.057611113570470870e-03
1.670176640697322926e-02
2.596072917047936510e-02
3.618963130279009843e-02
4.665938394790757754e-02
5.658221774872268517e-02
6.513754827067577691e-02
7.151266116596882716e-02
7.496987648251725311e-02
7.494259309275169700e-02
7.114923456082968001e-02
6.370098328611399630e-02
5.317170983138299473e-02
4.060106859242935962e-02
2.741535733931311017e-02
1.527180139307736384e-02
5.853067488029140529e-03
6.519838449872922357e-04
7.866216825147415983e-04
6.873520201649031824e-03
1.896759143176176762e-02
3.655932635856269652e-02
5.861036014439419128e-02
8.361022767138791278e-02
1.096483104897169741e-01
1.345097086344353710e-01
1.558145284054499591e-01
1.712201811294322695e-01
1.786923764210493204e-01
1.768244544600593993e-01
1.651543139957982742e-01
1.444055056159619377e-01
1.165761640558011930e-01
8.482280833304736700e-02
5.313203562264522811e-02
2.582777952884385622e-02
7.005647117476594687e-03
2.354974747723558292e-06
6.991516699328093401e-03
2.875456992750803284e-02
6.462510656999395642e-02
1.125660383298877770e-01
1.693254302143111512e-01
2.306308695228749261e-01
2.914151396581717290e-01
3.461016517872879117e-01
3.889987735550486936e-01
4.148441570906689635e-01
4.194987898788404834e-01
4.007237755872909979e-01
3.589017124606047604e-01
2.975178946269974034e-01
2.232209690317738804e-01
1.453496573328776909e-01
7.492939961333963672e-02
2.327524494156488558e-02
4.397328033482101359e-04
1.378055741975710811e-02
6.688158803820090648e-02
1.589620047639786482e-01
2.847931026420490452e-01
4.350548233007104360e-01
5.970322737515085798e-01
7.555772836873243525e-01
8.943160753687334763e-01
9.971306745446631981e-01
1.049939006384144724e+00
1.042724374079724736e+00
9.716266628998201371e-01
8.407462836231863745e-01
6.631940143026778811e-01
4.609155144964937612e-01
2.629717185853709394e-01
1.022556336501795199e-01
1.100080116191982753e-02
1.577305991291943349e-02
1.328218677264330350e-01
3.646353625435216905e-01
6.983079354223867830e-01
1.105977278542023656e+00
1.547241640489352310e+00
1.973230169177124571e+00
2.331909041277143935e+00
2.574224888845034531e+00
2.660719158873232626e+00
2.568187014902430843e+00
2.295742464574438646e+00
1.869317369762745651e+00
1.343299640881269630e+00
7.979154748277874631e-01
3.312967718836850595e-01
4.606575749535884307e-02
3.164000465364532472e-02
3.450054126043556879e-01
9.939363045901091764e-01
1.927047745114434552e+00
3.034308321661681074e+00
4.159728966385637605e+00
5.125275199648394953e+00
5.762312567342410041e+00
5.944831416862374596e+00
5.617855090575185173e+00
4.814999271777394618e+00
3.660925736750696213e+00
2.356978758841604460e+00
1.151111460470059189e+00
2.959111733451744164e-01
8.725398734353823722e-04
3.868647845884333192e-01
1.451737998893400938e+00
3.055783271183138972e+00
4.933759257445746726e+00
6.736016004590707595e+00
8.094998335211599283e+00
8.706074138609631419e+00
8.405127622959108535e+00
7.222168858260923585e+00
5.392545067232356715e+00
3.316053694755874304e+00
1.468020473939465331e+00
2.815817635501094429e-01
3.194994707675550411e-02
7.566221626482091400e-01
2.237901000481220315e+00
4.056979154183998126e+00
5.707131979077345818e+00
6.734379822800806714e+00
6.864089594446882714e+00
6.075215279776129407e+00
4.599582642311011327e+00
2.846808562166109891e+00
1.278527080401545390e+00
2.710727602477909781e-01
8.773977386557647515e-03
4.397940945481529917e-01
1.306467220176241284e+00
2.238658169666698949e+00
2.879061732350426617e+00
2.999529451961973958e+00
2.570558635629013100e+00
1.761319771205995588e+00
8.706500649614857812e-01
2.132070115931967713e-01
1.501127572788926636e-03
2.674331604673227947e-01
8.539057374892861096e-01
1.481359545286726087e+00
1.864442635436992290e+00
1.832123265148187574e+00
1.400535108826840069e+00
7.654651971368685581e-01
2.151380318132018743e-01
2.812308885583297056e-06
2.178664598571944666e-01
7.681877973523524306e-01
1.398595299161907279e+00
1.822929492213659852e+00
1.854524185155234317e+00
1.489780291553582714e+00
9.013049739612902789e-01
3.457265355665828932e-01
3.511276415634661391e-02
3.903093220426344379e-02
2.663313897173768541e-01
5.312894899410040006e-01
6.626604550371886226e-01
5.926751427996009847e-01
3.781350302210301773e-01
1.480343756594569016e-01
1.579191214125839904e-02
1.276881724992199631e-02
8.251602833900555101e-02
1.338979146018809130e-01
1.128357530863857566e-01
4.180262721478222865e-02
4.765764415015503616e-06
5.921581950334173228e-02
2.219638331566546330e-01
4.082757916156331546e-01
5.040959912493788719e-01
4.408129598692586693e-01
2.510652406054941221e-01
5.889102870877256646e-02
5.206777711220784630e-03
1.544566728180825632e-01
4.443907931199427841e-01
7.158537784859980713e-01
8.081574684801465791e-01
6.613585193039633880e-01
3.594003623707067718e-01
8.385521594676040302e-02
4.713849454233808543e-03
1.757212035486317159e-01
5.000965812185815818e-01
7.886015473398344522e-01
8.738273042015339831e-01
7.095740808182354753e-01
3.945363105065164411e-01
1.079781577855067759e-01
4.856114806077575536e-05
1.057385125105167883e-01
3.334837426721499187e-01
5.303191158420716977e-01
5.779643696141494313e-01
4.584001885465434079e-01
2.515453177843056665e-01
7.355276849054014077e-02
9.643359382658631997e-04
3.047332827474870734e-02
9.594191680824797064e-02
1.246227315710441846e-01
9.035817588093891795e-02
2.766009824989852997e-02
4.641528192831505012e-04
5.102436464877488365e-02
1.663128692177899270e-01
2.848004020316294849e-01
3.373434267469114789e-01
2.929169262614318425e-01
1.782562775640699204e-01
5.972285951131092036e-02
1.388482770183485692e-03
2.774370337010303306e-02
1.139191202001550579e-01
2.063631447306877031e-01
2.572273979067887795e-01
2.493275520519069866e-01
1.981644080094911164e-01
1.346255734116355574e-01
8.397935713420388859e-02
5.601568826883930596e-02
4.996153030167434228e-02
6.564706599499860185e-02
1.085695743088543885e-01
1.832100639129995989e-01
2.802649181663990907e-01
3.701684850267237259e-01
4.119598969031670332e-01
3.754267642670887084e-01
2.636490402100901687e-01
1.205695361901004126e-01
1.621622599293635891e-02
1.562003157367030000e-02
1.476004671893773046e-01
3.900227532115219664e-01
6.788514569163082157e-01
9.353581283507113042e-01
1.097001278919379930e+00
1.137394817628812005e+00
1.068351730938338129e+00
9.268705642925113564e-01
7.563166640463854229e-01
5.912334052899790304e-01
4.506306790449224331e-01
3.390792740649009596e-01
2.518483068646170109e-01
1.805575845882609887e-01
1.178751701565615290e-01
6.141678887378670265e-02
1.699115891963004499e-02
1.978182049206482355e-04
3.462810278927802576e-02
1.456767746334520774e-01
3.510825355903525180e-01
6.514770452020008928e-01
1.024963524646240520e+00
1.428459011053333505e+00
1.805843729424464694e+00
2.100269932796307693e+00
2.266588748824955868e+00
2.280247114242853090e+00
2.140737557923521717e+00
1.869765762884593396e+00
1.505812075567916519e+00
1.097263804653920705e+00
6.958957663625063850e-01
3.516233978497871893e-01
1.086296022200549521e-01
2.482729627648706371e-03
5.779041861974104632e-02
2.861580623723071759e-01
6.845418038235171476e-01
1.234318010540830457e+00
1.901431590772575397e+00
2.637844056905896739e+00
3.384281968857578704e+00
4.074123538963632996e+00
4.638249022645577924e+00
5.010812629019997466e+00
5.136054486710311728e+00
4.976279839082590861e+00
4.520824506121685182e+00
3.795144089551300670e+00
2.868231735807086125e+00
1.855704934821395424e+00
9.155588523521421829e-01
2.341946634707507691e-01
2.097992624650732527e-03
3.812539189310668042e-01
1.469371814667808307e+00
3.268287807014882418e+00
5.664587277087504091e+00
8.429041832287634151e+00
1.123805619699928116e+01
1.371579748285153677e+01
1.549122273119219528e+01
1.626095110342718186e+01
1.584752099020626659e+01
1.424310715337549027e+01
1.163083550638194374e+01
8.378802357505040987e+00
5.005250382936214493e+00
2.116801044413978428e+00
3.251432824988266246e-01
1.511162399699746972e-01
1.928484482996393856e+00
5.722328779550299949e+00
1.127800327352258236e+01
1.801511853212370085e+01
2.507637403815398613e+01
3.143329098487317808e+01
3.604080095330240141e+01
3.802178503275641219e+01
3.685305661901995222e+01
3.251805973717439713e+01
2.559058001332575927e+01
1.721938864330179442e+01
8.996578715849965491e+00
2.712009386857044735e+00
2.091487532153421189e-02
2.077642434679075389e+00
9.209874210653170579e+00
2.071728380473127729e+01
3.486927855618782246e+01
4.914409042402559891e+01
6.069779013208005836e+01
6.698664764841132069e+01
6.640705653642123707e+01
5.878499286400464285e+01
4.555927761348535654e+01
2.956597771071382397e+01
1.443448377368211943e+01
3.721808912556148208e+00
3.562260602572307842e-03
4.173863280120470698e+00
1.516440765972200566e+01
3.018202767386920016e+01
4.541596240781562699e+01
5.702682977611581805e+01
6.214379341429291514e+01
5.959232708395514067e+01
5.015340254576722145e+01
3.629072326882054256e+01
2.143381147455413327e+01
9.026777505988624384e+00
1.611957527547426494e+00
2.004209047160193102e-01
4.095183989222970666e+00
1.120286429882755286e+01
1.873069884341235536e+01
2.405545985597843028e+01
2.549984556127349933e+01
2.277798189760206071e+01
1.697277429263743542e+01
1.005923382099883767e+01
4.144432477937447068e+00
7.014797832361219232e-01
8.555727907897153761e-02
1.518193835031356631e+00
3.539708641681007073e+00
4.729445446863392633e+00
4.367785114047543438e+00
2.730370217605911254e+00
8.713460904200671653e-01
1.831731580475679097e-03
7.830386621911936684e-01
2.914684742117914951e+00
5.260518100349282022e+00
6.470253225648356477e+00
5.774422175575836924e+00
3.505219519423924623e+00
1.017886837364907926e+00
6.234108456857075965e-03
1.555398153685794593e+00
5.454158051311086552e+00
1.017961890922100565e+01
1.361080047250967695e+01
1.411553056565229447e+01
1.142423309788117081e+01
6.799373199243889054e+00
2.390147954854197287e+00
1.173394922453671746e-01
6.999548156473061056e-01
3.354315974454805005e+00
6.311347749272314900e+00
7.833462356738042587e+00
7.141102599709691745e+00
4.736772630041763854e+00
1.986751178172237564e+00
2.575899562890099359e-01
1.433315341803362564e-01
1.226252663456521397e+00
2.462149584729199869e+00
2.898819644107411886e+00
2.258858908489659978e+00
1.041067909459439500e+00
1.219295841268099451e-01
1.515870231322406503e-01
1.142542461060331638e+00
2.494438805775338164e+00
3.402875628082773662e+00
3.362973071384353307e+00
2.445271549482337825e+00
1.195618607639545194e+00
2.615023953002072465e-01
6.734033766423108518e-03
3.516121160080142860e-01
9.030330941440027903e-01
1.247549427290244761e+00
1.197170036389636483e+00
8.432313285886197107e-01
4.240709289436958573e-01
1.342989117853849168e-01
1.790362079737773532e-02
2.853305933381818576e-05
3.505467095408044216e-05
1.672578288242195996e-02
1.162347468688730012e-01
3.433536634573672308e-01
6.425667549814407797e-01
8.655117117465617183e-01
8.683174986956330166e-01
6.259224243025107715e-01
2.719151857637384651e-01
2.596202874381363726e-02
5.484176587112872536e-02
3.633837315206981389e-01
7.908290267660322836e-01
1.113012389808240687e+00
1.177757109121828849e+00
9.827143157349604863e-01
6.516278907593734404e-01
3.386992274480351561e-01
1.360706512932424450e-01
4.593273381000309574e-02
2.194799398940757568e-02
3.156875331249229394e-02
8.207234456467095429e-02
1.920319081745096856e-01
3.416859508141435464e-01
4.564409707261695148e-01
4.500194200383036414e-01
3.001497341931807505e-01
9.470316951102911163e-02
6.031686325121291079e-04
1.636608145931391090e-01
6.030994940010359073e-01
1.176293701733364783e+00
1.645341434869520780e+00
1.807514134527288263e+00
1.606511698214657669e+00
1.153884385270514512e+00
6.513193820434588499e-01
2.706390934522912017e-01
7.232648808434356813e-02
9.696291474095158208e-03
1.248477961071204397e-03
6.721501276696640811e-03
4.678184360370262612e-02
1.566423226379071720e-01
3.201825443288502937e-01
4.493388910863606589e-01
4.388164574111028671e-01
2.641415058010858075e-01
4.884150624357116999e-02
3.788613905973336332e-02
4.746678430443290742e-01
1.447177094120586371e+00
2.797821785657308435e+00
4.159126181251015630e+00
5.104128686488718536e+00
5.332795776201479931e+00
4.796449646345010365e+00
3.700883232786147392e+00
2.398354061269854842e+00
1.235068060373413656e+00
4.328505966902078672e-01
5.119194346969189319e-02
2.543635027369896967e-02
2.411218406852836671e-01
6.000440847914881859e-01
1.053748672823173305e+00
1.604434034889937521e+00
2.285081564664857900e+00
3.128472697118859447e+00
4.129510357914075946e+00
5.207798967824985858e+00
6.187503884918790220e+00
6.817459238568480018e+00
6.843880212122507523e+00
6.120195676790742390e+00
4.708392302964015563e+00
2.915516255648567423e+00
1.230349272182751807e+00
1.716695227066840634e-01
1.063426472259665218e-01
1.115403799905252402e+00
2.966510716283926374e+00
5.201810384194088144e+00
7.298224755175492184e+00
8.829587031080189163e+00
9.568665722681366503e+00
9.502913034858336161e+00
8.778680454143382050e+00
7.613840220411480786e+00
6.220067384484813999e+00
4.759718443002727284e+00
3.341642180110881988e+00
2.045902168440040469e+00
9.615933089609064455e-01
2.207844636165409991e-01
1.131569626067108203e-02
5.527746887692320810e-01
2.028414754644954687e+00
4.484058390654558579e+00
7.728527757815984778e+00
1.128632359780299943e+01
1.444827374979955081e+01
1.643419720491374036e+01
1.663244266270656269e+01
1.483623134989594305e+01
1.138016529622750816e+01
7.105364764098776931e+00
3.142485225790244030e+00
5.742849910415899206e-01
9.208023138504890792e-02
1.769385547622076116e+00
5.036099226723925071e+00
8.863640125109723655e+00
1.209502018656494648e+01
1.380395921463589026e+01
1.356176229395208743e+01
1.152922518673676322e+01
8.356040266858769883e+00
4.936369412828842229e+00
2.112930443928474400e+00
4.301542084707999924e-01
1.060965747397698070e-02
5.805921441210333267e-01
1.619024105229115662e+00
2.566082562872435968e+00
3.015145353832539676e+00
2.825440000942631258e+00
2.126196566486299400e+00
1.223476811335720393e+00
4.541762667144367827e-01
4.706248078350259295e-02
4.362430345602175130e-02
3.052390305632585732e-01
5.977200070925315911e-01
7.131209770223135846e-01
5.739069330046128181e-01
2.725023629964830607e-01
2.727730034671274964e-02
7.325190874491105397e-02
5.365747982060027343e-01
1.352146965108760757e+00
2.267522282911220266e+00
2.938778807064259535e+00
3.081002751550731222e+00
2.607007840045197256e+00
1.687824375775125008e+00
6.998812544831359839e-01
7.436651856001789962e-02
1.113273125624701793e-01
8.417450212121209141e-01
2.003212868171234451e+00
3.144954571002288812e+00
3.818087269776252679e+00
3.765904103223546961e+00
3.027452402470838688e+00
1.907901623674177705e+00
8.323256233966891404e-01
1.545930267503576316e-01
1.249619048761111545e-02
2.943453248411133094e-01
7.246450790408064391e-01
1.017260652453340963e+00
1.014319879323525964e+00
7.427219771984914232e-01
3.684836059715111967e-01
8.468695257063697801e-02
1.007442655528184789e-03
9.534064094526717437e-02
2.475078443698379704e-01
3.264031076596377035e-01
2.736105945143000318e-01
1.335807466928729814e-01
1.647339811812086746e-02
2.154588450012905054e-02
1.711231045404210671e-01
3.955717295610478579e-01
5.760596836445323055e-01
6.161421432765228356e-01
4.973194577926265403e-01
2.861348730082989289e-01
9.167747181387471411e-02
2.097571014862855635e-03
3.888577614570049718e-02
1.536040462062775724e-01
2.641860225315297850e-01
3.049537241640487006e-01
2.596794383634578596e-01
1.612580784964329772e-01
6.378009933868654391e-02
8.246996080089588968e-03
3.216893864042036019e-03
2.860854526358653713e-02
5.509069878040621926e-02
6.351235845015223980e-02
5.244289689065280424e-02
3.249662967534570901e-02
1.516213639427739686e-02
5.394770247479091160e-03
1.758146821941624282e-03
1.013315497283953908e-03
1.473057733818743456e-03
2.506600799880815984e-03
2.654827925906300644e-03
7.498900556796114390e-04
1.137211255041588277e-03
1.844284877602247671e-02
7.482616672382241818e-02
1.867498214856485594e-01
3.470407844932228980e-01
5.149356390907906533e-01
6.255598808400580912e-01
6.197660031549103721e-01
4.811973159860323257e-01
2.591599439623474277e-01
6.003211511629881481e-02
5.659849201255290861e-03
1.760289692208880374e-01
5.643682897260747788e-01
1.068818982282633723e+00
1.527499032781122867e+00
1.782405802271244122e+00
1.743515811645153013e+00
1.424730830013752003e+00
9.371135955554917851e-01
4.444446360987700517e-01
1.016913148862921001e-01
1.851422160724621249e-03
1.501673889197663592e-01
4.715520336131049373e-01
8.439353474627371288e-01
1.142367614590708680e+00
1.277880956412508873e+00
1.219838308823023798e+00
9.976716833033768550e-01
6.846031293548399121e-01
3.704590674342510548e-01
1.326104571541648902e-01
1.366880504561263088e-02
1.222371579451273470e-02
8.896319544226856391e-02
1.855759577590617160e-01
2.491525475646560739e-01
2.522584904587041321e-01
2.001892455373887880e-01
1.224837920430534161e-01
5.359269145849209631e-02
1.369088458349562894e-02
9.714914707547707765e-04
3.407386265291334677e-05
3.168052532526773740e-04
1.053288016166701105e-02
5.602809748296019854e-02
1.571187227843131307e-01
3.017817823513303521e-01
4.349066448039441979e-01
4.801862431989578628e-01
3.902039508680752999e-01
1.968628879790117470e-01
2.464041615314091493e-02
4.403182361229830699e-02
3.777251920054532364e-01
1.007847089892135894e+00
1.744488049310737976e+00
2.290349579488921261e+00
2.383006141757760599e+00
1.944557725830744044e+00
1.151902178224012419e+00
3.753709366601735709e-01
4.434652879009785831e-03
2.470984653910834328e-01
1.012602504605029541e+00
1.947239273259535164e+00
2.609913365370575722e+00
2.694757233347349512e+00
2.180015590512721424e+00
1.323604009773956536e+00
5.128576719896140723e-01
5.758199898379900289e-02
4.339600624268120932e-02
3.212317132047414758e-01
6.255527384718894135e-01
7.401207027116935011e-01
6.099588974294291033e-01
3.406158131088116159e-01
1.006593541675906561e-01
1.636094958099272275e-03
3.585700718255888098e-02
1.061191124675213981e-01
1.165208323537464119e-01
5.391595746536770317e-02
3.285981181440271546e-04
6.817210894174910440e-02
3.058179788951672085e-01
6.427920639131387004e-01
9.173967016308643974e-01
9.733537305072315071e-01
7.641857505378002458e-01
3.964190398437857921e-01
8.021185912778826255e-02
1.407374172602277387e-02
2.716085117248777103e-01
7.570309135272917933e-01
1.254482099915779081e+00
1.540933336890029315e+00
1.497664521767743118e+00
1.160352080866945190e+00
6.866996701482619425e-01
2.676043379948935264e-01
3.506834506355425291e-02
1.424179713449139073e-02
1.359255448901192098e-01
2.910386257050284753e-01
3.903187823626022568e-01
3.981209963647898142e-01
3.305737078880460755e-01
2.298278383831086902e-01
1.353188197093638523e-01
6.772363180877019606e-02
2.879748294356127697e-02
1.026207811362492804e-02
2.769291731401609963e-03
2.552706611906698018e-04
3.369045446077888369e-04
3.441683234592347353e-03
1.187158732441436111e-02
2.798751418572256039e-02
5.096694856415423525e-02
7.397660110754057661e-02
8.525511867206897465e-02
7.485326461182083280e-02
4.403486653242381921e-02
1.029738246403231507e-02
1.764238038292702563e-03
4.120171125038838561e-02
1.282604923297114841e-01
2.324442602708636230e-01
3.046887612941642787e-01
3.040089771808578423e-01
2.245374432463046466e-01
1.054068882537996382e-01
1.450645483564779945e-02
1.276188375304613577e-02
1.185971339998316693e-01
2.938775106409357019e-01
4.610285865361292701e-01
5.427997690658583618e-01
5.024685387705364326e-01
3.617696052761338876e-01
1.869349708193961401e-01
5.188056921779615055e-02
3.273424106424472355e-04
2.794952565642434480e-02
9.251254462138482071e-02
1.430551593720723602e-01
1.490251245498429022e-01
1.125816892331273633e-01
5.954662906724824539e-02
1.815348457052127357e-02
1.053028234833818530e-03
1.679594743871284631e-03
4.964596713611994089e-03
2.511502406592692332e-03
2.528494124574682221e-04
1.309811586123284417e-02
5.106902119176606747e-02
1.077386620883102053e-01
1.601757708159189941e-01
1.814306049266444232e-01
1.577083343220859191e-01
9.887066319522530566e-02
3.504791581824840546e-02
9.991317255795184506e-04
1.749914112610668690e-02
8.060504838409382478e-02
1.644921991499959935e-01
2.353210084623229836e-01
2.676079165067310472e-01
2.542266526933780191e-01
2.059782156598106984e-01
1.430269391179433414e-01
8.436493715797789561e-02
4.101026338306844321e-02
1.507021603293706886e-02
3.027685327520268296e-03
2.275702193699654605e-06
2.624676223816365880e-03
1.005698679471890393e-02
2.382372642827603956e-02
4.690827306013595210e-02
8.188628732803658605e-02
1.279832441115757447e-01
1.781738334580433014e-01
2.186962975979874491e-01
2.330350162828997984e-01
2.099510871127102662e-01
1.518076314876234678e-01
7.774096275760386532e-02
1.802972073206142445e-02
8.811868135996849677e-04
3.796101615717263622e-02
1.168407460378772245e-01
2.054080228441753364e-01
2.666679345276698476e-01
2.762286643238150430e-01
2.330305571839009771e-01
1.577738678622745139e-01
8.065377461130911196e-02
2.595356012257101982e-02
2.152883059821918653e-03
2.061251811974270862e-03
1.105701649236686193e-02
1.705201853054483935e-02
1.595298104226180319e-02
1.051224299101019208e-02
5.293717248940066344e-03
2.590491749087317237e-03
2.337431462632098920e-03
5.130807174300714736e-03
1.463926058093096422e-02
3.619716724501964578e-02
7.177617554421507340e-02
1.151023907791491052e-01
1.514908955393847734e-01
1.641109420913212380e-01
1.437529811663771639e-01
9.607959251323071326e-02
4.119289615182345626e-02
4.822078918704205200e-03
5.663444407306953907e-03
4.594402889689677694e-02
1.104550574800400725e-01
1.743218872825830212e-01
2.148528147544019329e-01
2.209569049298760468e-01
1.957096047280961204e-01
1.519949440023653509e-01
1.048582843797607050e-01
6.514449734694340022e-02
3.711822843872354671e-02
1.981557844556659786e-02
9.961768883002064881e-03
4.364271044492321582e-03
1.097628570902372700e-03
3.849952995700683868e-05
3.358186290599877045e-03
1.565719363200151343e-02
4.269675624056874785e-02
8.816461146159713935e-02
1.495238172018974743e-01
2.155105079555961756e-01
2.678330331704048550e-01
2.876169541750712155e-01
2.641623225252414664e-01
2.015574222359601264e-01
1.191477502715188735e-01
4.480344350073411225e-02
3.758915112572922598e-03
8.275329784077842254e-03
5.303512017523925870e-02
1.182311787485659793e-01
1.784754584323415272e-01
2.130434865370380570e-01
2.128561760229839561e-01
1.817443043273361536e-01
1.325248840334502520e-01
8.059888752574483062e-02
3.823260975936136619e-02
1.157491073034443499e-02
7.211345846360063929e-04
1.775401685784630274e-03
9.416747052871921736e-03
1.884526783098515457e-02
2.670007566966284274e-02
3.113452005096320127e-02
3.148708401159303061e-02
2.793585903473629409e-02
2.132464275667361742e-02
1.313669812405944548e-02
5.445999321760469809e-03
6.386151348278359995e-04
7.948954137397296494e-04
6.839571875480145863e-03
1.780733426031317138e-02
3.068190964140370125e-02
4.112252833313620459e-02
4.500229800197157876e-02
4.022490481764121745e-02
2.801968409654942427e-02
1.302793474641139419e-02
1.972643768226840268e-03
1.328564914933213353e-03
1.487136120005373187e-02
4.205971214813074982e-02
7.787075413693787806e-02
1.141416523266547828e-01
1.419300170400462358e-01
1.541027948497066535e-01
1.473681276321226474e-01
1.232112539188341682e-01
8.754806711404232444e-02
4.924344408725287586e-02
1.788785299639815071e-02
1.371065925824691738e-03
3.841845041793493128e-03
2.459008765156490972e-02
5.820897384744633252e-02
9.607853540272406900e-02
1.288064351359108350e-01
1.488943388826339531e-01
1.527430083969003871e-01
1.412960421197058114e-01
1.191350437478619489e-01
9.247571889884344254e-02
6.696154933305353829e-02
4.615796760353774869e-02
3.119961131878732849e-02
2.140203662901466949e-02
1.521925001002697592e-02
1.097958949068434178e-02
7.290606567978513870e-03
3.468290876975445997e-03
3.690198812107941661e-04
1.456296285932134242e-03
1.319252544531666731e-02
4.359136024363192974e-02
9.849400255512805180e-02
1.766791123372752348e-01
2.663857226576763493e-01
3.460752867748882466e-01
3.906746442495096505e-01
3.816380779171520410e-01
3.164834837364216558e-01
2.127360576635594636e-01
1.032823406514630227e-01
2.423096976640207525e-02
3.902045971030463755e-04
3.511123007737722984e-02
1.094034649886253818e-01
1.907358702619573465e-01
2.471753059688645004e-01
2.600574350116230948e-01
2.295164014438625111e-01
1.711649531014126091e-01
1.067186757170578010e-01
5.393930037972383129e-02
2.073926930511836228e-02
5.307069703881755161e-03
6.513342874348758632e-04
1.595340090755242686e-05
3.148025336598776671e-05
5.762748976737766668e-04
2.557867672864685103e-03
5.807729810070542953e-03
8.641735757062330575e-03
9.097788081792438156e-03
6.606768150644831521e-03
2.687021663773291047e-03
1.224204865251287615e-04
1.238246889317751523e-03
6.485442950414889267e-03
1.423688656995826876e-02
2.181223533113406388e-02
2.696099382600403507e-02
2.886658448224518891e-02
2.820642037527277407e-02
2.648718254278645615e-02
2.526041111000668082e-02
2.569458505141357721e-02
2.853201959897581907e-02
3.410329325388342103e-02
4.209806492532702782e-02
5.115188564683178368e-02
5.867634846031672541e-02
6.139366415660147541e-02
5.664977390606106694e-02
4.401133565305519885e-02
2.629742482316341917e-02
9.331000116141763626e-03
2.809082649298974251e-04
5.177744080320440152e-03
2.662403463118290931e-02
6.264804903054321805e-02
1.071319456528993103e-01
1.515718689095310601e-01
1.874369460361059170e-01
2.082816933261542880e-01
2.110106743057816314e-01
1.961119939894964137e-01
1.670498734084619741e-01
1.291978694692624552e-01
8.868660590550632439e-02
5.140812850034891940e-02
2.226583041031769683e-02
4.659453358122316556e-03
1.723451575223085828e-04
8.459795732659682044e-03
2.737536696673501316e-02
5.337205765075998115e-02
8.215882317957699799e-02
1.095003887535050818e-01
1.319693703943324026e-01
1.474466645826111033e-01
1.552398519086912454e-01
1.558223549421087484e-01
1.503260137426548348e-01
1.399883731400300424e-01
1.257453667874732783e-01
1.080977237657607809e-01
8.730704320760498960e-02
6.390977036320075189e-02
3.944991361055943946e-02
1.719659418783930915e-02
2.458266529844549061e-03
2.041407025549920110e-03
2.256944882707778710e-02
6.783750602875641966e-02
1.360034178899617585e-01
2.178912550613041066e-01
2.976490269374386655e-01
3.562797986901943270e-01
3.773368968176138427e-01
3.528723538297512397e-01
2.872021601180801409e-01
1.966109301308823221e-01
1.046543581008697044e-01
3.459033583178022092e-02
1.794264280406177069e-03
9.115021260159504243e-03
4.690910006296659246e-02
9.750867875871503665e-02
1.420686644363407525e-01
1.669293389255298576e-01
1.671349371911635406e-01
