0.000000000000000000e+00
2.500312539067383374e-03
5.000625078134766748e-03
7.500937617202150555e-03
1.000125015626953350e-02
1.250156269533691557e-02
1.500187523440430111e-02
1.750218777347168492e-02
2.000250031253906699e-02
2.250281285160644906e-02
2.500312539067383114e-02
2.750343792974121321e-02
3.000375046880860222e-02
3.250406300787598429e-02
3.500437554694336983e-02
3.750468808601074844e-02
4.000500062507813398e-02
4.250531316414551258e-02
4.500562570321289813e-02
4.750593824228028367e-02
5.000625078134766227e-02
5.250656332041504781e-02
5.500687585948242642e-02
5.750718839854981196e-02
6.000750093761720444e-02
6.250781347668458998e-02
6.500812601575196858e-02
6.750843855481934719e-02
7.000875109388673967e-02
7.250906363295411827e-02
7.500937617202149688e-02
7.750968871108887548e-02
8.001000125015626796e-02
8.251031378922366044e-02
8.501062632829102517e-02
8.751093886735841765e-02
9.001125140642579625e-02
9.251156394549318873e-02
9.501187648456056734e-02
9.751218902362794594e-02
1.000125015626953245e-01
1.025128141017627170e-01
1.050131266408300956e-01
1.075134391798974881e-01
1.100137517189648528e-01
1.125140642580322453e-01
1.150143767970996239e-01
1.175146893361670164e-01
1.200150018752344089e-01
1.225153144143017736e-01
1.250156269533691800e-01
1.275159394924365308e-01
1.300162520315039372e-01
1.325165645705713158e-01
1.350168771096386944e-01
1.375171896487060730e-01
1.400175021877734793e-01
1.425178147268408302e-01
1.450181272659082365e-01
1.475184398049756151e-01
1.500187523440429938e-01
1.525190648831103724e-01
1.550193774221777510e-01
1.575196899612451296e-01
1.600200025003125359e-01
1.625203150393799145e-01
1.650206275784473209e-01
1.675209401175146717e-01
1.700212526565820503e-01
1.725215651956494289e-01
1.750218777347168353e-01
1.775221902737842139e-01
1.800225028128515925e-01
1.825228153519189711e-01
1.850231278909863775e-01
1.875234404300537561e-01
1.900237529691211347e-01
1.925240655081884855e-01
1.950243780472558919e-01
1.975246905863232705e-01
2.000250031253906491e-01
2.025253156644580554e-01
2.050256282035254340e-01
2.075259407425928126e-01
2.100262532816601913e-01
2.125265658207275976e-01
2.150268783597949762e-01
2.175271908988623271e-01
2.200275034379297057e-01
2.225278159769971120e-01
2.250281285160644906e-01
2.275284410551318692e-01
2.300287535941992478e-01
2.325290661332666542e-01
2.350293786723340328e-01
2.375296912114014114e-01
2.400300037504688178e-01
2.425303162895361964e-01
2.450306288286035472e-01
2.475309413676709258e-01
2.500312539067383599e-01
2.525315664458057108e-01
2.550318789848730616e-01
2.575321915239404680e-01
2.600325040630078743e-01
2.625328166020752252e-01
2.650331291411426315e-01
2.675334416802099824e-01
2.700337542192773888e-01
2.725340667583447951e-01
2.750343792974121460e-01
2.775346918364794968e-01
2.800350043755469587e-01
2.825353169146143095e-01
2.850356294536816604e-01
2.875359419927490667e-01
2.900362545318164731e-01
2.925365670708838239e-01
2.950368796099512303e-01
2.975371921490186367e-01
3.000375046880859875e-01
3.025378172271533939e-01
3.050381297662207447e-01
3.075384423052881511e-01
3.100387548443555019e-01
3.125390673834229083e-01
3.150393799224902591e-01
3.175396924615576655e-01
3.200400050006250718e-01
3.225403175396924227e-01
3.250406300787598290e-01
3.275409426178271799e-01
3.300412551568946418e-01
3.325415676959619926e-01
3.350418802350293435e-01
3.375421927740967498e-01
3.400425053131641007e-01
3.425428178522315070e-01
3.450431303912988579e-01
3.475434429303662642e-01
3.500437554694336706e-01
3.525440680085010769e-01
3.550443805475684278e-01
3.575446930866358342e-01
3.600450056257031850e-01
3.625453181647705359e-01
3.650456307038379422e-01
3.675459432429053486e-01
3.700462557819727549e-01
3.725465683210401058e-01
3.750468808601075121e-01
3.775471933991748630e-01
3.800475059382422693e-01
3.825478184773096202e-01
3.850481310163769710e-01
3.875484435554444329e-01
3.900487560945117838e-01
3.925490686335791901e-01
3.950493811726465410e-01
3.975496937117139473e-01
4.000500062507812982e-01
4.025503187898487045e-01
4.050506313289161109e-01
4.075509438679835172e-01
4.100512564070508681e-01
4.125515689461182189e-01
4.150518814851856253e-01
4.175521940242529761e-01
4.200525065633203825e-01
4.225528191023877334e-01
4.250531316414551952e-01
4.275534441805225461e-01
4.300537567195899524e-01
4.325540692586573033e-01
4.350543817977246541e-01
4.375546943367920605e-01
4.400550068758594113e-01
4.425553194149268732e-01
4.450556319539942240e-01
4.475559444930616304e-01
4.500562570321289813e-01
4.525565695711963876e-01
4.550568821102637385e-01
4.575571946493310893e-01
4.600575071883984957e-01
4.625578197274659575e-01
4.650581322665333084e-01
4.675584448056006592e-01
4.700587573446680656e-01
4.725590698837354164e-01
4.750593824228028228e-01
4.775596949618701736e-01
4.800600075009376355e-01
4.825603200400049864e-01
4.850606325790723927e-01
4.875609451181397436e-01
4.900612576572070944e-01
4.925615701962745008e-01
4.950618827353418516e-01
4.975621952744092580e-01
5.000625078134767199e-01
5.025628203525440707e-01
5.050631328916114215e-01
5.075634454306787724e-01
5.100637579697461232e-01
5.125640705088135851e-01
5.150643830478809360e-01
5.175646955869482868e-01
5.200650081260157487e-01
5.225653206650830995e-01
5.250656332041504504e-01
5.275659457432179122e-01
5.300662582822852631e-01
5.325665708213526139e-01
5.350668833604199648e-01
5.375671958994874267e-01
5.400675084385547775e-01
5.425678209776221284e-01
5.450681335166895902e-01
5.475684460557569411e-01
5.500687585948242919e-01
5.525690711338916428e-01
5.550693836729589936e-01
5.575696962120264555e-01
5.600700087510939174e-01
5.625703212901612682e-01
5.650706338292286190e-01
5.675709463682959699e-01
5.700712589073633207e-01
5.725715714464307826e-01
5.750718839854981335e-01
5.775721965245655953e-01
5.800725090636329462e-01
5.825728216027002970e-01
5.850731341417676479e-01
5.875734466808349987e-01
5.900737592199024606e-01
5.925740717589698114e-01
5.950743842980372733e-01
5.975746968371046242e-01
6.000750093761719750e-01
6.025753219152393259e-01
6.050756344543067877e-01
6.075759469933741386e-01
6.100762595324414894e-01
6.125765720715089513e-01
6.150768846105763021e-01
6.175771971496436530e-01
6.200775096887110038e-01
6.225778222277784657e-01
6.250781347668458166e-01
6.275784473059131674e-01
6.300787598449805182e-01
6.325790723840479801e-01
6.350793849231153310e-01
6.375796974621826818e-01
6.400800100012501437e-01
6.425803225403176056e-01
6.450806350793848454e-01
6.475809476184523072e-01
6.500812601575196581e-01
6.525815726965870089e-01
6.550818852356543598e-01
6.575821977747218217e-01
6.600825103137892835e-01
6.625828228528565234e-01
6.650831353919239852e-01
6.675834479309913361e-01
6.700837604700586869e-01
6.725840730091260378e-01
6.750843855481934996e-01
6.775846980872607395e-01
6.800850106263282013e-01
6.825853231653956632e-01
6.850856357044630141e-01
6.875859482435304759e-01
6.900862607825977157e-01
6.925865733216651776e-01
6.950868858607325285e-01
6.975871983997998793e-01
7.000875109388673412e-01
7.025878234779346920e-01
7.050881360170021539e-01
7.075884485560693937e-01
7.100887610951368556e-01
7.125890736342042064e-01
7.150893861732716683e-01
7.175896987123390192e-01
7.200900112514063700e-01
7.225903237904738319e-01
7.250906363295410717e-01
7.275909488686085336e-01
7.300912614076758844e-01
7.325915739467433463e-01
7.350918864858106971e-01
7.375921990248780480e-01
7.400925115639455099e-01
7.425928241030127497e-01
7.450931366420802116e-01
7.475934491811475624e-01
7.500937617202150243e-01
7.525940742592822641e-01
7.550943867983497260e-01
7.575946993374171878e-01
7.600950118764845387e-01
7.625953244155518895e-01
7.650956369546192404e-01
7.675959494936867022e-01
7.700962620327539421e-01
7.725965745718214039e-01
7.750968871108888658e-01
7.775971996499562167e-01
7.800975121890235675e-01
7.825978247280909184e-01
7.850981372671583802e-01
7.875984498062256201e-01
7.900987623452930819e-01
7.925990748843605438e-01
7.950993874234278946e-01
7.975996999624953565e-01
8.001000125015625963e-01
8.026003250406300582e-01
8.051006375796974091e-01
8.076009501187647599e-01
8.101012626578322218e-01
8.126015751968995726e-01
8.151018877359670345e-01
8.176022002750342743e-01
8.201025128141017362e-01
8.226028253531690870e-01
8.251031378922364379e-01
8.276034504313037887e-01
8.301037629703712506e-01
8.326040755094387125e-01
8.351043880485059523e-01
8.376047005875734142e-01
8.401050131266407650e-01
8.426053256657082269e-01
8.451056382047754667e-01
8.476059507438429286e-01
8.501062632829103904e-01
8.526065758219776303e-01
8.551068883610450921e-01
8.576072009001124430e-01
8.601075134391799049e-01
8.626078259782471447e-01
8.651081385173146066e-01
8.676084510563820684e-01
8.701087635954493082e-01
8.726090761345167701e-01
8.751093886735841210e-01
8.776097012126515828e-01
8.801100137517188227e-01
8.826103262907862845e-01
8.851106388298537464e-01
8.876109513689210972e-01
8.901112639079884481e-01
8.926115764470557989e-01
8.951118889861232608e-01
8.976122015251905006e-01
9.001125140642579625e-01
9.026128266033253134e-01
9.051131391423927752e-01
9.076134516814601261e-01
9.101137642205274769e-01
9.126140767595949388e-01
9.151143892986621786e-01
9.176147018377296405e-01
9.201150143767969913e-01
9.226153269158644532e-01
9.251156394549319151e-01
9.276159519939991549e-01
9.301162645330666168e-01
9.326165770721339676e-01
9.351168896112013185e-01
9.376172021502686693e-01
9.401175146893361312e-01
9.426178272284035931e-01
9.451181397674708329e-01
9.476184523065382947e-01
9.501187648456056456e-01
9.526190773846729964e-01
9.551193899237403473e-01
9.576197024628078092e-01
9.601200150018752710e-01
9.626203275409425109e-01
9.651206400800099727e-01
9.676209526190773236e-01
9.701212651581447854e-01
9.726215776972120253e-01
9.751218902362794871e-01
9.776222027753468380e-01
9.801225153144141888e-01
9.826228278534816507e-01
9.851231403925490016e-01
9.876234529316164634e-01
9.901237654706837032e-01
9.926240780097511651e-01
9.951243905488185160e-01
9.976247030878858668e-01
1.000125015626953440e+00
1.002625328166020680e+00
1.005125640705088141e+00
1.007625953244155381e+00
1.010126265783222843e+00
1.012626578322290083e+00
1.015126890861357545e+00
1.017627203400425007e+00
1.020127515939492246e+00
1.022627828478559708e+00
1.025128141017627170e+00
1.027628453556694632e+00
1.030128766095761872e+00
1.032629078634829334e+00
1.035129391173896574e+00
1.037629703712964035e+00
1.040130016252031497e+00
1.042630328791098737e+00
1.045130641330166199e+00
1.047630953869233439e+00
1.050131266408300901e+00
1.052631578947368363e+00
1.055131891486435824e+00
1.057632204025503286e+00
1.060132516564570526e+00
1.062632829103637988e+00
1.065133141642705228e+00
1.067633454181772690e+00
1.070133766720839930e+00
1.072634079259907391e+00
1.075134391798974853e+00
1.077634704338042093e+00
1.080135016877109555e+00
1.082635329416177017e+00
1.085135641955244257e+00
1.087635954494311719e+00
1.090136267033379180e+00
1.092636579572446642e+00
1.095136892111513882e+00
1.097637204650581344e+00
1.100137517189648584e+00
1.102637829728716046e+00
1.105138142267783286e+00
1.107638454806850747e+00
1.110138767345917987e+00
1.112639079884985449e+00
1.115139392424052911e+00
1.117639704963120373e+00
1.120140017502187835e+00
1.122640330041255075e+00
1.125140642580322536e+00
1.127640955119389776e+00
1.130141267658457238e+00
1.132641580197524700e+00
1.135141892736591940e+00
1.137642205275659402e+00
1.140142517814726641e+00
1.142642830353794103e+00
1.145143142892861565e+00
1.147643455431929027e+00
1.150143767970996267e+00
1.152644080510063729e+00
1.155144393049131191e+00
1.157644705588198430e+00
1.160145018127265892e+00
1.162645330666333132e+00
1.165145643205400594e+00
1.167645955744468056e+00
1.170146268283535296e+00
1.172646580822602758e+00
1.175146893361669997e+00
1.177647205900737459e+00
1.180147518439804921e+00
1.182647830978872383e+00
1.185148143517939623e+00
1.187648456057007085e+00
1.190148768596074547e+00
1.192649081135141786e+00
1.195149393674209248e+00
1.197649706213276488e+00
1.200150018752343950e+00
1.202650331291411190e+00
1.205150643830478652e+00
1.207650956369546114e+00
1.210151268908613575e+00
1.212651581447680815e+00
1.215151893986748277e+00
1.217652206525815739e+00
1.220152519064882979e+00
1.222652831603950441e+00
1.225153144143017903e+00
1.227653456682085142e+00
1.230153769221152604e+00
1.232654081760219844e+00
1.235154394299287306e+00
1.237654706838354768e+00
1.240155019377422008e+00
1.242655331916489470e+00
1.245155644455556931e+00
1.247655956994624393e+00
1.250156269533691633e+00
1.252656582072759095e+00
1.255156894611826335e+00
1.257657207150893797e+00
1.260157519689961036e+00
1.262657832229028498e+00
1.265158144768095960e+00
1.267658457307163200e+00
1.270158769846230662e+00
1.272659082385298124e+00
1.275159394924365364e+00
1.277659707463432825e+00
1.280160020002500287e+00
1.282660332541567527e+00
1.285160645080635211e+00
1.287660957619702451e+00
1.290161270158769691e+00
1.292661582697836931e+00
1.295161895236904614e+00
1.297662207775971854e+00
1.300162520315039316e+00
1.302662832854106778e+00
1.305163145393174018e+00
1.307663457932241480e+00
1.310163770471308720e+00
1.312664083010376403e+00
1.315164395549443643e+00
1.317664708088510883e+00
1.320165020627578567e+00
1.322665333166645807e+00
1.325165645705713047e+00
1.327665958244780509e+00
1.330166270783847970e+00
1.332666583322915210e+00
1.335166895861982672e+00
1.337667208401050134e+00
1.340167520940117374e+00
1.342667833479184836e+00
1.345168146018252076e+00
1.347668458557319759e+00
1.350168771096386999e+00
1.352669083635454239e+00
1.355169396174521479e+00
1.357669708713589163e+00
1.360170021252656403e+00
1.362670333791723865e+00
1.365170646330791326e+00
1.367670958869858566e+00
1.370171271408926028e+00
1.372671583947993268e+00
1.375171896487060952e+00
1.377672209026128192e+00
1.380172521565195431e+00
1.382672834104263115e+00
1.385173146643330355e+00
1.387673459182397595e+00
1.390173771721465057e+00
1.392674084260532519e+00
1.395174396799599759e+00
1.397674709338667220e+00
1.400175021877734682e+00
1.402675334416802144e+00
1.405175646955869384e+00
1.407675959494936624e+00
1.410176272034004308e+00
1.412676584573071548e+00
1.415176897112138787e+00
1.417677209651206471e+00
1.420177522190273711e+00
1.422677834729340951e+00
1.425178147268408413e+00
1.427678459807475875e+00
1.430178772346543337e+00
1.432679084885610576e+00
1.435179397424678038e+00
1.437679709963745500e+00
1.440180022502812740e+00
1.442680335041879980e+00
1.445180647580947664e+00
1.447680960120014904e+00
1.450181272659082143e+00
1.452681585198149827e+00
1.455181897737217067e+00
1.457682210276284307e+00
1.460182522815351769e+00
1.462682835354419231e+00
1.465183147893486693e+00
1.467683460432553932e+00
1.470183772971621394e+00
1.472684085510688856e+00
1.475184398049756096e+00
1.477684710588823336e+00
1.480185023127891020e+00
1.482685335666958260e+00
1.485185648206025499e+00
1.487685960745093183e+00
1.490186273284160423e+00
1.492686585823227885e+00
1.495186898362295125e+00
1.497687210901362587e+00
1.500187523440430049e+00
1.502687835979497288e+00
1.505188148518564528e+00
1.507688461057632212e+00
1.510188773596699452e+00
1.512689086135766692e+00
1.515189398674834376e+00
1.517689711213901615e+00
1.520190023752969077e+00
1.522690336292036317e+00
1.525190648831103779e+00
1.527690961370171241e+00
1.530191273909238481e+00
1.532691586448305943e+00
1.535191898987373404e+00
1.537692211526440644e+00
1.540192524065507884e+00
1.542692836604575568e+00
1.545193149143642808e+00
1.547693461682710048e+00
1.550193774221777732e+00
1.552694086760844971e+00
1.555194399299912433e+00
1.557694711838979673e+00
1.560195024378047135e+00
1.562695336917114597e+00
1.565195649456181837e+00
1.567695961995249521e+00
1.570196274534316760e+00
1.572696587073384000e+00
1.575196899612451240e+00
1.577697212151518924e+00
1.580197524690586164e+00
1.582697837229653626e+00
1.585198149768721088e+00
1.587698462307788327e+00
1.590198774846855789e+00
1.592699087385923029e+00
1.595199399924990713e+00
1.597699712464057953e+00
1.600200025003125193e+00
1.602700337542192877e+00
1.605200650081260116e+00
1.607700962620327356e+00
1.610201275159394818e+00
1.612701587698462280e+00
1.615201900237529520e+00
1.617702212776596982e+00
1.620202525315664444e+00
1.622702837854731683e+00
1.625203150393799145e+00
1.627703462932866385e+00
1.630203775471934069e+00
1.632704088011001309e+00
1.635204400550068549e+00
1.637704713089135788e+00
1.640205025628203472e+00
1.642705338167270712e+00
1.645205650706338174e+00
1.647705963245405636e+00
1.650206275784472876e+00
1.652706588323540338e+00
1.655206900862607577e+00
1.657707213401675261e+00
1.660207525940742501e+00
1.662707838479809741e+00
1.665208151018877425e+00
1.667708463557944665e+00
1.670208776097011905e+00
1.672709088636079366e+00
1.675209401175146828e+00
1.677709713714214068e+00
1.680210026253281530e+00
1.682710338792348992e+00
1.685210651331416454e+00
1.687710963870483694e+00
1.690211276409550933e+00
1.692711588948618617e+00
1.695211901487685857e+00
1.697712214026753097e+00
1.700212526565820781e+00
1.702712839104888021e+00
1.705213151643955261e+00
1.707713464183022722e+00
1.710213776722090184e+00
1.712714089261157424e+00
1.715214401800224886e+00
1.717714714339292348e+00
1.720215026878359810e+00
1.722715339417427050e+00
1.725215651956494289e+00
1.727715964495561973e+00
1.730216277034629213e+00
1.732716589573696453e+00
1.735216902112764137e+00
1.737717214651831377e+00
1.740217527190898616e+00
1.742717839729966078e+00
1.745218152269033540e+00
1.747718464808101002e+00
1.750218777347168242e+00
1.752719089886235704e+00
1.755219402425303166e+00
1.757719714964370405e+00
1.760220027503437645e+00
1.762720340042505329e+00
1.765220652581572569e+00
1.767720965120639809e+00
1.770221277659707493e+00
1.772721590198774733e+00
1.775221902737842194e+00
1.777722215276909434e+00
1.780222527815976896e+00
1.782722840355044358e+00
1.785223152894111598e+00
1.787723465433178838e+00
1.790223777972246522e+00
1.792724090511313761e+00
1.795224403050381001e+00
1.797724715589448685e+00
1.800225028128515925e+00
1.802725340667583165e+00
1.805225653206650627e+00
1.807725965745718089e+00
1.810226278284785550e+00
1.812726590823852790e+00
1.815226903362920252e+00
1.817727215901987714e+00
1.820227528441054954e+00
1.822727840980122194e+00
1.825228153519189878e+00
1.827728466058257117e+00
1.830228778597324357e+00
1.832729091136392041e+00
1.835229403675459281e+00
1.837729716214526743e+00
1.840230028753593983e+00
1.842730341292661445e+00
1.845230653831728906e+00
1.847730966370796146e+00
1.850231278909863830e+00
1.852731591448931070e+00
1.855231903987998310e+00
1.857732216527065550e+00
1.860232529066133234e+00
1.862732841605200473e+00
1.865233154144267935e+00
1.867733466683335397e+00
1.870233779222402637e+00
1.872734091761470099e+00
1.875234404300537339e+00
1.877734716839605023e+00
1.880235029378672262e+00
1.882735341917739502e+00
1.885235654456807186e+00
1.887735966995874426e+00
1.890236279534941666e+00
1.892736592074009128e+00
1.895236904613076589e+00
1.897737217152143829e+00
1.900237529691211291e+00
1.902737842230278753e+00
1.905238154769345993e+00
1.907738467308413455e+00
1.910238779847480695e+00
1.912739092386548378e+00
1.915239404925615618e+00
1.917739717464682858e+00
1.920240030003750542e+00
1.922740342542817782e+00
1.925240655081885022e+00
1.927740967620952484e+00
1.930241280160019945e+00
1.932741592699087185e+00
1.935241905238154647e+00
1.937742217777221887e+00
1.940242530316289571e+00
1.942742842855356811e+00
1.945243155394424051e+00
1.947743467933491734e+00
1.950243780472558974e+00
1.952744093011626214e+00
1.955244405550693676e+00
1.957744718089761138e+00
1.960245030628828378e+00
1.962745343167895840e+00
1.965245655706963301e+00
1.967745968246030763e+00
1.970246280785098003e+00
1.972746593324165243e+00
1.975246905863232927e+00
1.977747218402300167e+00
1.980247530941367406e+00
1.982747843480435090e+00
1.985248156019502330e+00
1.987748468558569570e+00
1.990248781097637032e+00
1.992749093636704494e+00
1.995249406175771734e+00
1.997749718714839195e+00
2.000250031253906879e+00
2.002750343792973897e+00
2.005250656332041359e+00
2.007750968871108821e+00
2.010251281410176283e+00
2.012751593949243745e+00
2.015251906488310762e+00
2.017752219027378224e+00
2.020252531566445686e+00
2.022752844105513148e+00
2.025253156644580166e+00
2.027753469183648072e+00
2.030253781722715090e+00
2.032754094261782551e+00
2.035254406800850013e+00
2.037754719339917475e+00
2.040255031878984493e+00
2.042755344418051955e+00
2.045255656957119417e+00
2.047755969496186879e+00
2.050256282035254340e+00
2.052756594574321802e+00
2.055256907113389264e+00
2.057757219652456282e+00
2.060257532191523744e+00
2.062757844730591206e+00
2.065258157269658668e+00
2.067758469808725685e+00
2.070258782347793147e+00
2.072759094886860609e+00
2.075259407425928071e+00
2.077759719964995533e+00
2.080260032504062995e+00
2.082760345043130457e+00
2.085260657582197474e+00
2.087760970121264936e+00
2.090261282660332398e+00
2.092761595199399860e+00
2.095261907738466878e+00
2.097762220277534784e+00
2.100262532816601801e+00
2.102762845355669263e+00
2.105263157894736725e+00
2.107763470433804187e+00
2.110263782972871649e+00
2.112764095511938667e+00
2.115264408051006573e+00
2.117764720590073591e+00
2.120265033129141052e+00
2.122765345668208070e+00
2.125265658207275976e+00
2.127765970746342994e+00
2.130266283285410456e+00
2.132766595824477918e+00
2.135266908363545380e+00
2.137767220902612841e+00
2.140267533441679859e+00
2.142767845980747321e+00
2.145268158519814783e+00
2.147768471058882245e+00
2.150268783597949707e+00
2.152769096137017169e+00
2.155269408676084186e+00
2.157769721215151648e+00
2.160270033754219110e+00
2.162770346293286572e+00
2.165270658832354034e+00
2.167770971371421496e+00
2.170271283910488513e+00
2.172771596449555975e+00
2.175271908988623437e+00
2.177772221527690899e+00
2.180272534066758361e+00
2.182772846605825379e+00
2.185273159144893285e+00
2.187773471683960302e+00
2.190273784223027764e+00
2.192774096762095226e+00
2.195274409301162688e+00
2.197774721840229706e+00
2.200275034379297168e+00
2.202775346918364630e+00
2.205275659457432091e+00
2.207775971996499553e+00
2.210276284535566571e+00
2.212776597074634477e+00
2.215276909613701495e+00
2.217777222152768957e+00
2.220277534691835974e+00
2.222777847230903880e+00
2.225278159769970898e+00
2.227778472309038360e+00
2.230278784848105822e+00
2.232779097387173284e+00
2.235279409926240746e+00
2.237779722465307763e+00
2.240280035004375669e+00
2.242780347543442687e+00
2.245280660082510149e+00
2.247780972621577611e+00
2.250281285160645073e+00
2.252781597699712091e+00
2.255281910238779552e+00
2.257782222777847014e+00
2.260282535316914476e+00
2.262782847855981938e+00
2.265283160395049400e+00
2.267783472934116862e+00
2.270283785473183880e+00
2.272784098012251341e+00
2.275284410551318803e+00
2.277784723090386265e+00
2.280285035629453283e+00
2.282785348168521189e+00
2.285285660707588207e+00
2.287785973246655669e+00
2.290286285785723130e+00
2.292786598324790592e+00
2.295286910863858054e+00
2.297787223402925072e+00
2.300287535941992534e+00
2.302787848481059996e+00
2.305288161020127458e+00
2.307788473559194475e+00
2.310288786098262381e+00
2.312789098637329399e+00
2.315289411176396861e+00
2.317789723715464323e+00
2.320290036254531785e+00
2.322790348793598803e+00
2.325290661332666264e+00
2.327790973871733726e+00
2.330291286410801188e+00
2.332791598949868650e+00
2.335291911488936112e+00
2.337792224028003574e+00
2.340292536567070592e+00
2.342792849106138053e+00
2.345293161645205515e+00
2.347793474184272977e+00
2.350293786723339995e+00
2.352794099262407457e+00
2.355294411801474919e+00
2.357794724340542381e+00
2.360295036879609842e+00
2.362795349418677304e+00
2.365295661957744766e+00
2.367795974496811784e+00
2.370296287035879246e+00
2.372796599574946708e+00
2.375296912114014170e+00
2.377797224653081187e+00
2.380297537192149093e+00
2.382797849731216111e+00
2.385298162270283573e+00
2.387798474809351035e+00
2.390298787348418497e+00
2.392799099887485959e+00
2.395299412426552976e+00
2.397799724965620438e+00
2.400300037504687900e+00
2.402800350043755362e+00
2.405300662582822380e+00
2.407800975121890286e+00
2.410301287660957303e+00
2.412801600200024765e+00
2.415301912739092227e+00
2.417802225278159689e+00
2.420302537817227151e+00
2.422802850356294169e+00
2.425303162895361631e+00
2.427803475434429092e+00
2.430303787973496554e+00
2.432804100512564016e+00
2.435304413051631478e+00
2.437804725590698496e+00
2.440305038129765958e+00
2.442805350668833420e+00
2.445305663207900881e+00
2.447805975746968343e+00
2.450306288286035805e+00
2.452806600825102823e+00
2.455306913364170285e+00
2.457807225903237747e+00
2.460307538442305209e+00
2.462807850981372670e+00
2.465308163520439688e+00
2.467808476059507594e+00
2.470308788598574612e+00
2.472809101137642074e+00
2.475309413676709536e+00
2.477809726215776998e+00
2.480310038754844015e+00
2.482810351293911477e+00
2.485310663832978939e+00
2.487810976372046401e+00
2.490311288911113863e+00
2.492811601450180881e+00
2.495311913989248787e+00
2.497812226528315804e+00
